"species","x","y","bio1","bio10","bio11","bio12","bio13","bio14","bio15","bio16","bio17","bio18","bio19","bio2","bio3","bio4","bio5","bio6","bio7","bio8","bio9"
"background",1,1,191,279,91,366,68,10,56,159,37,116,38,151,43,7292,348,-1,349,241,112
"background",2,2,206,267,128,212,40,4,64,100,19,88,24,137,47,5522,335,45,290,262,145
"background",3,3,215,295,124,445,89,11,59,183,39,138,46,131,41,6696,362,45,317,264,131
"background",4,4,156,229,76,406,101,5,106,281,19,239,21,178,51,6014,322,-24,346,219,90
"background",5,5,125,225,26,417,80,9,68,208,34,208,34,164,43,7688,315,-62,377,225,26
"background",6,6,81,190,-28,293,53,13,48,130,46,112,48,174,41,8402,297,-120,417,182,29
"background",7,7,133,236,28,454,78,11,62,207,38,207,38,166,42,8055,324,-65,389,236,28
"background",8,8,146,246,49,263,56,5,73,142,23,124,41,186,47,7669,340,-50,390,236,141
"background",9,9,166,276,52,584,95,16,51,229,59,190,59,152,38,8658,363,-36,399,255,52
"background",10,10,177,260,83,369,68,9,59,160,32,131,36,152,44,6911,330,-8,338,224,102
"background",11,11,180,266,85,570,80,21,42,207,73,174,74,153,43,7034,346,-5,351,229,95
"background",12,12,141,218,73,506,95,1,86,275,5,15,262,163,49,5815,331,1,330,81,217
"background",13,13,152,208,95,905,227,10,92,558,46,510,130,181,58,4469,304,-4,308,202,146
"background",14,14,240,295,179,644,182,3,110,446,16,387,80,181,58,4627,388,80,308,290,232
"background",15,15,177,276,72,613,96,22,45,217,76,182,76,144,39,7863,355,-11,366,233,72
"background",16,16,116,213,30,255,42,4,60,117,22,30,117,143,41,7249,310,-36,346,40,187
"background",17,17,191,295,93,110,16,1,43,39,10,28,38,158,41,7928,396,15,381,110,225
"background",18,18,187,260,106,350,80,4,98,230,16,201,24,170,49,6059,349,7,342,246,156
"background",19,19,251,316,185,211,61,0,105,144,4,144,34,131,50,5152,371,111,260,316,234
"background",20,20,123,216,35,480,81,11,47,192,44,159,123,175,47,7118,318,-53,371,212,152
"background",21,21,181,288,79,95,15,2,53,40,9,19,40,159,40,8187,391,0,391,98,216
"background",22,22,169,246,87,283,71,4,99,191,18,152,25,186,51,6228,349,-9,358,235,130
"background",23,23,179,271,91,490,79,8,51,185,35,152,149,145,43,7119,354,19,335,265,211
"background",24,24,107,209,6,323,63,13,60,157,41,143,46,182,45,7852,316,-82,398,200,25
"background",25,25,170,272,77,112,20,1,64,54,7,12,53,154,41,7687,376,6,370,91,245
"background",26,26,113,207,25,487,81,11,48,197,45,162,123,177,47,7125,310,-64,374,203,142
"background",27,27,177,272,77,298,56,8,63,138,28,121,29,172,45,7594,357,-20,377,261,96
"background",28,28,167,265,62,554,81,18,50,206,59,192,59,149,40,7872,345,-23,368,249,62
"background",29,29,178,280,82,95,18,1,72,47,5,10,47,164,42,7780,386,2,384,98,254
"background",30,30,231,303,158,190,52,1,94,116,5,116,46,162,53,5678,378,74,304,303,250
"background",31,31,163,235,103,193,30,1,53,72,9,63,72,159,53,5206,324,25,299,103,168
"background",32,32,238,308,167,153,39,1,90,91,3,91,38,156,52,5545,381,85,296,308,255
"background",33,33,197,256,146,130,29,0,70,64,5,27,64,167,59,4223,345,66,279,146,199
"background",34,34,143,214,79,355,69,1,86,191,4,12,188,190,55,5388,339,-5,344,88,213
"background",35,35,217,290,144,192,47,1,84,111,4,111,50,167,53,5724,370,59,311,290,235
"background",36,36,229,317,142,57,10,0,64,24,2,19,22,183,50,6920,420,54,366,288,254
"background",37,37,133,236,28,447,75,11,61,205,38,205,38,166,42,8055,324,-65,389,236,28
"background",38,38,177,259,85,370,68,9,60,160,32,137,36,157,46,6777,331,-7,338,223,103
"background",39,39,166,247,86,386,102,4,92,234,23,205,71,160,48,6362,336,4,332,239,199
"background",40,40,205,265,156,191,46,0,95,116,2,116,52,150,57,4211,338,79,259,265,205
"background",41,41,195,271,112,310,79,3,100,206,15,154,21,161,47,6264,356,18,338,258,128
"background",42,42,224,285,156,711,192,5,102,465,28,419,107,173,54,5128,379,60,319,278,217
"background",43,43,127,194,52,482,125,6,106,338,20,284,35,182,53,5570,294,-46,340,185,93
"background",44,44,178,273,75,585,90,21,46,212,75,167,75,149,40,7685,351,-14,365,233,75
"background",45,45,185,245,134,147,25,0,63,69,5,26,69,166,59,4263,336,56,280,134,186
"background",46,46,1,81,-72,878,133,53,37,338,168,325,177,141,45,6071,167,-146,313,76,25
"background",47,47,181,247,103,259,45,5,63,131,24,110,33,142,47,5648,324,24,300,237,119
"background",48,48,174,278,76,176,25,3,42,60,18,47,55,129,37,7934,366,18,348,91,207
"background",49,49,206,257,163,98,16,0,64,43,1,24,43,162,61,3605,348,86,262,163,205
"background",50,50,176,234,102,385,82,5,79,220,24,186,40,137,48,5180,311,31,280,224,155
"background",51,51,191,240,151,118,21,0,70,57,1,36,57,163,62,3460,332,72,260,151,188
"background",52,52,188,245,118,307,64,5,80,175,21,146,31,149,51,5032,326,39,287,236,168
"background",53,53,169,256,83,293,74,5,83,172,19,145,50,203,52,6823,380,-4,384,245,166
"background",54,54,174,259,85,355,64,9,60,162,33,141,38,177,49,6815,343,-12,355,249,101
"background",55,55,180,278,77,627,88,25,40,219,84,184,84,131,37,7814,351,-2,353,225,77
"background",56,56,160,210,119,318,59,1,86,176,5,10,168,130,56,3512,280,51,229,121,203
"background",57,57,212,296,121,427,88,11,64,183,42,123,46,140,42,6835,371,39,332,258,139
"background",58,58,199,296,110,380,48,5,45,127,27,86,127,163,45,7367,392,31,361,110,228
"background",59,59,175,235,128,181,31,0,70,89,4,22,89,164,59,4152,324,47,277,128,199
"background",60,60,214,282,148,163,36,1,76,82,4,82,51,160,54,5248,360,67,293,282,228
"background",61,61,184,276,83,386,70,12,53,160,42,120,44,153,42,7513,351,-8,359,236,103
"background",62,62,138,234,45,276,61,6,80,164,21,133,35,177,47,7352,327,-46,373,224,93
"background",63,63,165,233,93,730,192,8,89,418,44,404,142,173,52,5524,330,1,329,226,160
"background",64,64,213,287,127,399,88,8,68,169,28,136,33,135,43,6281,354,47,307,259,134
"background",65,65,107,209,6,324,61,13,56,155,42,140,46,183,45,7853,316,-84,400,199,24
"background",66,66,147,179,120,425,93,0,99,255,1,4,248,100,60,2330,229,64,165,121,171
"background",67,67,192,242,131,401,106,2,110,282,9,241,18,195,60,4424,343,19,324,232,176
"background",68,68,167,220,102,407,83,10,68,200,35,162,38,135,51,4656,288,27,261,212,115
"background",69,69,36,122,-46,651,109,37,44,270,112,261,116,159,45,6576,217,-131,348,116,-33
"background",70,70,186,265,94,656,81,24,40,227,84,213,84,141,42,6673,338,8,330,235,94
"background",71,71,111,212,13,335,70,10,69,173,35,165,35,182,45,7671,314,-82,396,202,29
"background",72,72,94,202,-11,293,44,9,40,113,37,92,64,161,40,8252,301,-95,396,194,131
"background",73,73,184,266,95,339,60,7,70,172,26,157,30,171,48,6710,351,-1,352,256,112
"background",74,74,109,207,19,353,55,12,39,132,46,113,87,170,45,7412,314,-59,373,202,140
"background",75,75,186,278,87,595,88,24,43,207,82,167,82,153,42,7405,358,-2,360,239,97
"background",76,76,106,204,11,359,65,11,55,164,39,134,70,182,46,7515,309,-80,389,199,139
"background",77,77,136,200,70,638,172,9,100,418,36,374,79,187,55,5151,300,-35,335,194,127
"background",78,78,184,250,107,339,75,5,91,210,18,182,27,171,52,5575,340,12,328,239,156
"background",79,79,205,263,136,278,69,7,74,143,25,98,28,127,47,4978,328,62,266,236,151
"background",80,80,178,275,73,604,95,22,46,216,75,181,75,145,39,7812,354,-11,365,233,73
"background",81,81,169,253,88,351,92,4,93,214,23,189,61,161,48,6497,342,7,335,245,202
"background",82,82,209,265,160,97,18,0,60,41,3,21,41,167,60,4009,355,80,275,160,210
"background",83,83,205,258,140,277,70,4,90,167,14,146,21,180,57,4692,351,40,311,249,186
"background",84,84,124,233,17,231,42,7,51,104,26,84,45,175,42,8380,336,-71,407,226,162
"background",85,85,225,326,130,90,16,1,52,35,5,26,29,138,39,7676,409,59,350,321,257
"background",86,86,101,184,32,744,144,3,85,404,19,38,390,141,45,6111,276,-34,310,36,182
"background",87,87,215,296,122,464,92,15,60,177,59,102,65,131,40,6801,366,45,321,265,130
"background",88,88,103,205,5,285,56,9,60,137,32,115,49,186,46,7798,310,-88,398,199,139
"background",89,89,217,260,162,1032,260,11,97,667,47,594,136,166,59,3913,351,70,281,252,218
"background",90,90,140,237,46,289,62,6,75,163,23,138,42,174,46,7397,328,-44,372,226,134
"background",91,91,157,256,59,249,48,6,65,128,26,111,39,172,45,7668,345,-29,374,245,153
"background",92,92,142,249,33,499,84,12,58,221,43,221,43,155,39,8382,335,-56,391,249,33
"background",93,93,154,250,62,401,70,9,53,171,32,142,105,171,46,7365,346,-23,369,244,188
"background",94,94,175,260,86,240,57,4,92,156,17,128,22,193,51,6811,367,-8,375,250,172
"background",95,95,150,259,37,571,91,12,54,232,48,204,48,151,38,8570,347,-49,396,237,37
"background",96,96,176,272,71,555,92,19,48,208,68,164,68,153,41,7764,351,-20,371,231,71
"background",97,97,157,239,79,508,120,6,78,274,29,232,115,162,49,6294,326,-2,328,233,186
"background",98,98,212,289,128,560,146,5,89,330,33,290,112,184,50,6361,391,29,362,281,207
"background",99,99,147,226,78,471,83,2,74,239,24,42,225,156,48,5857,329,8,321,86,196
"background",100,100,168,265,72,229,49,4,72,126,18,109,35,168,45,7544,351,-18,369,255,165
"background",101,101,223,316,135,85,15,0,54,38,5,20,35,170,46,7167,413,48,365,148,248
"background",102,102,177,271,75,668,89,28,39,231,93,194,93,136,38,7591,346,-5,351,220,75
"background",103,103,93,199,-9,275,49,13,50,122,40,104,50,171,42,8103,302,-96,398,191,132
"background",104,104,212,295,116,254,47,7,67,124,22,124,23,165,46,7016,376,18,358,295,124
"background",105,105,201,252,160,105,18,0,70,48,1,37,48,169,63,3560,346,79,267,160,199
"background",106,106,179,224,120,514,146,3,117,375,11,183,20,187,59,4156,324,11,313,214,165
"background",107,107,214,293,140,69,14,0,75,34,1,26,25,163,50,5976,380,58,322,272,230
"background",108,108,149,198,99,886,232,12,93,547,51,509,96,182,62,4008,291,-1,292,194,142
"background",109,109,88,170,21,775,145,3,83,413,26,47,402,142,46,5968,261,-44,305,25,168
"background",110,110,250,314,181,473,147,1,118,341,11,282,48,169,55,5329,392,87,305,314,235
"background",111,111,148,220,90,250,37,1,54,99,16,72,98,152,52,5128,307,16,291,92,153
"background",112,112,197,309,89,81,12,2,43,30,10,20,29,166,40,8616,411,-1,412,111,237
"background",113,113,144,219,65,373,95,6,98,249,22,213,29,180,51,6048,320,-30,350,209,106
"background",114,114,163,259,61,496,76,15,53,194,48,184,48,152,41,7671,339,-26,365,243,61
"background",115,115,134,218,50,271,52,6,77,144,19,139,24,152,46,6530,297,-32,329,207,92
"background",116,116,176,234,109,470,118,3,110,338,15,276,25,171,54,4949,329,16,313,222,151
"background",117,117,238,300,174,280,92,1,115,203,5,203,40,125,50,5008,354,106,248,300,254
"background",118,118,162,206,113,1189,319,13,97,755,61,696,158,171,61,3738,296,18,278,201,157
"background",119,119,174,268,74,394,69,12,56,162,41,138,41,155,42,7555,347,-16,363,258,93
"background",120,120,173,271,79,431,72,8,51,166,31,137,127,153,42,7527,358,2,356,264,208
"background",121,121,76,162,-4,540,103,14,63,268,52,228,113,189,52,6502,264,-98,362,156,105
"background",122,122,182,277,97,392,56,6,47,132,29,102,124,168,46,7145,375,15,360,273,208
"background",123,123,95,205,-15,260,49,11,54,122,37,104,37,177,42,8488,313,-107,420,196,-15
"background",124,124,205,268,128,315,69,6,70,151,24,122,27,135,47,5528,335,48,287,261,134
"background",125,125,139,239,39,363,70,10,64,176,33,172,33,174,44,7770,331,-56,387,229,39
"background",126,126,232,306,157,370,103,2,107,244,14,244,75,161,51,5946,382,71,311,306,217
"background",127,127,169,274,57,587,87,20,49,211,67,187,67,158,39,8392,362,-34,396,229,57
"background",128,128,238,303,169,317,89,2,107,219,8,219,60,140,51,5360,367,93,274,303,257
"background",129,129,76,167,-12,442,90,11,72,228,37,228,37,178,47,6990,268,-108,376,167,-12
"background",130,130,150,219,85,383,80,1,94,221,3,9,217,186,54,5301,343,0,343,97,218
"background",131,131,227,319,137,65,11,0,60,26,2,22,26,176,48,7118,416,51,365,290,253
"background",132,132,198,287,97,408,75,12,53,176,44,129,46,146,41,7375,355,6,349,250,107
"background",133,133,245,309,174,624,174,6,100,400,27,371,99,185,55,5408,409,73,336,303,238
"background",134,134,226,330,128,90,15,1,48,33,6,25,29,140,38,7923,417,58,359,325,261
"background",135,135,185,263,99,320,75,2,100,210,15,188,21,164,47,6417,346,3,343,250,115
"background",136,136,125,213,54,340,63,1,81,169,7,14,167,118,40,6376,296,2,294,58,209
"background",137,137,210,284,143,54,14,0,81,27,1,24,17,175,54,5422,376,55,321,265,220
"background",138,138,98,206,-8,281,43,7,42,110,34,88,61,164,41,8264,307,-92,399,199,136
"background",139,139,149,251,45,493,84,12,57,209,44,206,44,152,40,8021,334,-43,377,234,45
"background",140,140,140,247,36,374,78,8,70,189,29,189,29,169,42,8186,338,-58,396,247,36
"background",141,141,219,306,136,94,14,0,60,40,3,24,40,183,50,6689,409,46,363,136,278
"background",142,142,203,263,152,170,38,0,95,106,0,106,50,153,58,4303,337,74,263,263,203
"background",143,143,98,181,28,525,94,5,77,262,22,32,259,133,43,6181,275,-30,305,33,181
"background",144,144,182,258,104,477,140,4,101,291,30,276,85,176,51,6095,356,12,344,252,170
"background",145,145,167,263,78,114,20,1,63,52,7,10,52,162,43,7317,370,1,369,92,236
"background",146,146,201,259,129,238,50,4,77,130,17,109,25,161,53,5156,344,42,302,250,179
"background",147,147,247,310,177,616,179,2,117,447,16,376,68,178,55,5280,399,81,318,308,235
"background",148,148,154,209,110,283,53,0,86,157,6,16,147,147,58,3842,287,35,252,112,180
"background",149,149,194,255,119,358,74,6,69,169,28,144,34,138,48,5351,325,42,283,248,136
"background",150,150,173,271,68,522,81,17,52,193,55,179,55,147,40,7859,349,-18,367,229,68
"background",151,151,141,240,43,256,53,7,70,138,25,116,35,181,46,7676,337,-51,388,230,96
"background",152,152,228,299,141,515,110,14,60,215,60,135,70,134,43,6168,373,64,309,274,159
"background",153,153,82,176,-9,340,75,9,75,191,35,157,51,201,51,7181,284,-110,394,169,72
"background",154,154,231,325,139,86,14,0,50,34,5,20,28,159,44,7353,415,60,355,293,259
"background",155,155,218,274,173,110,20,0,68,45,0,45,45,157,60,3847,354,93,261,274,212
"background",156,156,178,280,71,641,92,23,42,220,84,188,85,148,39,8090,362,-14,376,224,83
"background",157,157,69,167,-27,413,70,16,45,173,54,147,91,173,44,7542,271,-116,387,161,103
"background",158,158,146,240,61,451,73,8,48,172,38,139,130,171,47,7080,341,-22,363,236,172
"background",159,159,129,238,24,228,42,6,52,104,25,83,44,180,43,8339,343,-68,411,232,167
"background",160,160,184,271,84,488,81,15,48,193,57,149,57,149,42,7252,346,-6,352,234,84
"background",161,161,180,242,109,396,109,4,115,298,19,233,23,161,50,5260,333,16,317,229,153
"background",162,162,211,270,160,227,62,1,101,142,4,142,54,146,57,4300,342,86,256,270,214
"background",163,163,191,252,116,296,54,4,67,148,24,129,33,141,49,5366,327,40,287,244,169
"background",164,164,156,258,54,233,48,5,68,123,21,106,36,187,46,7940,354,-44,398,248,110
"background",165,165,171,265,73,231,45,5,72,121,16,108,23,177,46,7448,355,-23,378,253,128
"background",166,166,216,311,128,159,27,1,53,66,8,45,46,141,41,7263,396,58,338,308,243
"background",167,167,232,326,140,118,20,1,55,48,6,33,35,151,43,7398,413,62,351,325,261
"background",168,168,247,304,188,305,86,1,105,205,8,205,40,165,59,4645,371,95,276,304,228
"background",169,169,115,217,17,266,54,11,63,136,36,114,39,180,45,7774,319,-75,394,208,68
"background",170,170,217,292,145,67,12,0,66,31,1,24,23,153,49,5721,372,65,307,273,234
"background",171,171,150,239,59,229,44,4,77,125,13,118,21,167,46,6993,326,-31,357,228,108
"background",172,172,178,241,105,412,106,3,107,289,14,246,23,171,52,5392,333,9,324,229,149
"background",173,173,189,248,139,168,38,0,82,91,2,91,57,159,59,4213,329,61,268,248,190
"background",174,174,222,299,133,429,78,12,56,177,47,135,52,139,43,6527,374,56,318,269,152
"background",175,175,138,216,59,427,109,7,86,252,29,227,61,173,49,6190,319,-28,347,206,135
"background",176,176,170,264,72,379,63,10,57,164,35,149,35,160,43,7479,345,-20,365,254,72
"background",177,177,212,290,128,547,140,5,87,320,33,278,109,184,50,6412,392,29,363,282,208
"background",178,178,173,270,68,563,92,19,49,210,65,177,65,146,40,7799,347,-18,365,228,68
"background",179,179,242,305,172,509,147,1,114,363,13,302,68,165,54,5272,384,81,303,303,229
"background",180,180,130,209,52,453,106,7,76,247,40,216,86,172,49,6204,312,-35,347,199,124
"background",181,181,137,245,30,417,70,10,63,197,32,197,32,172,42,8330,335,-68,403,245,30
"background",182,182,173,270,70,589,93,21,47,215,70,184,70,146,40,7763,349,-16,365,228,70
"background",183,183,175,271,72,629,96,24,43,221,79,189,79,139,39,7695,346,-10,356,230,72
"background",184,184,232,303,159,203,56,1,98,127,5,127,48,161,53,5687,378,76,302,303,251
"background",185,185,209,297,111,273,66,4,90,164,17,129,19,174,46,7288,383,12,371,287,129
"background",186,186,159,235,77,414,74,9,68,205,32,185,37,166,50,6165,316,-15,331,225,91
"background",187,187,174,257,88,276,72,3,93,178,15,154,32,185,50,6627,362,-5,367,246,172
"background",188,188,135,232,40,288,60,7,70,157,28,134,40,172,46,7486,324,-49,373,222,90
"background",189,189,191,253,119,291,57,6,69,147,22,120,25,145,50,5294,324,36,288,243,134
"background",190,190,171,273,78,98,18,1,61,46,6,10,46,159,42,7691,378,2,376,93,246
"background",191,191,157,236,75,383,67,9,71,196,31,179,35,166,49,6271,320,-15,335,225,89
"background",192,192,175,257,83,715,89,30,36,247,101,221,101,142,42,6775,330,-3,333,224,83
"background",193,193,226,324,131,98,17,1,50,38,6,26,31,156,43,7596,414,53,361,322,256
"background",194,194,142,246,35,501,93,12,61,219,43,219,43,157,40,8161,330,-56,386,246,35
"background",195,195,238,308,168,152,38,1,90,91,3,91,37,156,52,5512,381,86,295,308,255
"background",196,196,53,147,-38,549,88,30,40,218,90,199,116,170,44,7204,251,-127,378,141,87
"background",197,197,153,250,59,319,62,6,65,159,24,131,72,199,50,7452,352,-40,392,244,189
"background",198,198,185,272,87,372,69,10,55,161,36,119,38,151,43,7192,342,-4,346,234,108
"background",199,199,167,261,79,121,21,1,60,55,8,10,55,162,44,7204,367,2,365,92,234
"background",200,200,213,277,155,81,17,0,75,34,0,29,34,169,58,4674,363,72,291,164,220
"background",201,201,179,256,91,314,75,2,97,204,14,179,21,163,47,6412,339,-2,341,245,106
"background",202,202,224,282,159,638,181,4,102,415,27,375,105,165,54,4905,375,71,304,277,216
"background",203,203,179,265,97,394,98,4,84,223,22,189,81,182,50,6627,361,3,358,259,208
"background",204,204,227,302,144,506,139,5,95,310,27,289,91,187,51,6301,406,43,363,295,222
"background",205,205,216,280,140,194,38,3,68,100,16,84,23,157,51,5518,359,52,307,270,158
"background",206,206,186,278,91,542,82,20,44,197,71,155,71,145,41,7287,353,7,346,238,98
"background",207,207,196,266,125,325,86,2,98,204,9,204,72,163,53,5606,347,44,303,266,214
"background",208,208,114,217,14,268,52,10,59,129,31,107,46,183,45,7911,320,-78,398,210,151
"background",209,209,110,204,19,315,72,7,82,188,27,154,37,186,48,7194,302,-78,380,194,64
"background",210,210,83,180,-11,334,68,12,63,168,39,140,59,192,48,7441,290,-108,398,174,117
"background",211,211,189,291,93,414,57,7,44,136,32,106,136,158,42,7795,383,15,368,93,225
"background",212,212,222,303,144,60,10,0,61,28,2,22,22,182,52,6179,402,54,348,279,239
"background",213,213,126,231,21,389,75,8,69,195,27,195,27,168,42,8144,323,-72,395,231,21
"background",214,214,99,206,-5,285,42,8,39,108,35,87,65,161,40,8194,307,-87,394,200,136
"background",215,215,197,273,122,333,97,3,102,210,15,182,71,173,53,6028,360,34,326,273,219
"background",216,216,111,173,50,720,207,14,99,462,44,418,90,183,57,4871,269,-51,320,167,104
"background",217,217,175,248,112,298,61,2,83,163,10,18,154,158,50,5346,346,36,310,118,243
"background",218,218,204,270,128,255,48,5,62,121,22,99,27,151,50,5638,343,41,302,261,144
"background",219,219,160,263,52,553,81,16,51,210,57,200,57,151,39,8154,346,-35,381,244,52
"background",220,220,154,229,74,366,90,6,101,249,22,199,27,182,52,6123,330,-20,350,220,116
"background",221,221,188,258,111,633,175,6,93,376,35,358,118,178,52,5839,358,16,342,250,184
"background",222,222,158,254,63,253,54,5,70,137,21,119,40,172,46,7438,342,-27,369,244,153
"background",223,223,206,263,157,114,21,1,61,48,3,35,48,168,60,4078,353,77,276,157,208
"background",224,224,151,249,57,316,60,6,64,158,25,131,68,196,50,7473,350,-40,390,241,189
"background",225,225,163,254,73,265,65,3,85,161,14,129,44,192,50,7101,364,-17,381,242,159
"background",226,226,179,238,111,439,114,4,116,328,18,262,25,163,52,5002,332,19,313,225,153
"background",227,227,186,282,83,327,63,9,56,138,33,105,37,166,44,7704,362,-15,377,240,104
"background",228,228,93,177,11,486,104,14,72,261,62,243,77,152,46,6513,260,-66,326,169,85
"background",229,229,138,233,47,365,70,7,65,183,29,152,80,194,50,7253,335,-49,384,226,172
"background",230,230,157,256,69,165,29,1,72,83,8,14,80,146,41,7418,357,4,353,80,229
"background",231,231,219,320,123,109,20,1,53,42,6,30,36,157,42,7730,411,45,366,317,251
"background",232,232,169,280,53,645,100,22,45,233,75,189,75,149,37,8758,363,-36,399,218,53
"background",233,233,191,260,111,304,72,2,99,203,13,171,21,157,48,5900,346,19,327,247,162
"background",234,234,173,268,87,378,58,5,48,134,27,103,117,176,47,7172,370,1,369,265,200
"background",235,235,209,266,161,92,17,0,68,39,3,17,38,167,60,4029,356,81,275,194,211
"background",236,236,128,198,57,501,130,7,101,331,25,291,63,192,55,5499,300,-46,346,191,125
"background",237,237,75,178,-23,372,57,12,41,147,45,122,82,161,42,7817,275,-107,382,170,109
"background",238,238,173,249,90,297,84,3,106,202,15,177,17,175,50,6272,339,-8,347,238,104
"background",239,239,128,206,66,339,58,2,56,135,19,101,114,139,47,5599,291,1,290,67,135
"background",240,240,134,245,24,189,32,6,41,75,26,61,41,167,41,8617,350,-57,407,238,176
"background",241,241,222,294,145,507,152,4,102,322,28,294,88,172,50,5900,390,51,339,287,217
"background",242,242,130,197,57,467,126,4,112,335,17,279,37,188,54,5474,299,-45,344,189,94
"background",243,243,169,241,93,659,172,7,88,378,40,359,126,176,51,5824,340,0,340,233,165
"background",244,244,143,173,115,417,84,0,94,239,2,7,225,116,62,2328,233,48,185,117,167
"background",245,245,191,249,120,306,65,5,81,176,21,146,31,150,51,5101,330,41,289,240,171
"background",246,246,139,240,34,463,83,11,62,208,38,208,38,162,42,8002,326,-59,385,240,34
"background",247,247,173,236,101,414,108,3,113,303,16,249,24,160,50,5331,326,9,317,223,145
"background",248,248,211,270,141,232,43,2,64,111,19,106,31,147,51,5168,343,56,287,260,156
"background",249,249,185,253,105,289,60,5,78,168,22,141,30,151,48,5792,334,22,312,241,158
"background",250,250,128,216,45,492,90,9,59,228,41,195,120,161,47,6735,307,-33,340,209,159
"background",251,251,161,210,121,277,52,1,83,149,4,8,139,125,55,3478,280,56,224,122,203
"background",252,252,167,278,53,594,97,17,50,231,62,190,62,153,38,8709,365,-36,401,216,53
"background",253,253,129,228,33,321,64,10,66,166,39,150,45,178,46,7588,323,-59,382,217,83
"background",254,254,206,274,137,339,99,2,105,225,11,225,68,163,54,5476,355,56,299,274,225
"background",255,255,206,289,121,269,71,1,88,157,9,131,61,186,51,6614,382,21,361,289,230
"background",256,256,163,244,76,323,68,5,89,193,20,173,24,166,47,6574,330,-17,347,233,90
"background",257,257,169,246,103,429,85,3,80,226,14,24,217,163,50,5647,354,31,323,108,241
"background",258,258,113,182,43,714,170,12,82,414,54,362,126,180,53,5435,282,-52,334,175,109
"background",259,259,146,243,50,273,58,5,75,151,21,128,42,184,47,7515,338,-47,385,233,140
"background",260,260,132,212,67,377,63,1,60,170,32,70,156,141,47,5766,299,1,298,70,180
"background",261,261,169,251,86,319,82,6,88,193,23,167,44,188,51,6528,363,-1,364,241,166
"background",262,262,171,272,78,205,29,3,42,70,19,53,64,136,39,7651,359,14,345,90,200
"background",263,263,106,211,4,323,61,13,58,156,43,142,43,174,43,8080,313,-83,396,202,21
"background",264,264,154,218,103,266,45,0,68,126,13,39,126,157,56,4467,302,25,277,103,185
"background",265,265,164,245,80,353,85,4,77,196,27,167,66,186,50,6586,355,-15,370,235,206
"background",266,266,174,260,85,241,57,4,90,155,18,126,24,192,51,6829,366,-10,376,249,131
"background",267,267,155,230,74,427,76,10,67,209,35,188,40,161,49,6086,309,-15,324,221,88
"background",268,268,119,224,18,335,51,8,41,129,39,103,81,165,42,8000,325,-62,387,217,155
"background",269,269,138,226,63,363,69,1,84,195,9,17,186,131,42,6466,313,3,310,70,223
"background",270,270,157,258,65,223,35,4,44,74,23,62,70,129,37,7625,345,4,341,76,186
"background",271,271,170,242,110,330,69,2,84,181,10,18,173,155,51,5200,339,36,303,115,236
"background",272,272,165,277,50,627,108,18,49,245,68,194,68,148,37,8799,363,-37,400,255,50
"background",273,273,198,256,128,269,61,5,85,158,17,131,26,170,54,5022,346,36,310,247,175
"background",274,274,133,215,65,533,91,3,72,268,30,51,252,151,48,5985,313,0,313,71,185
"background",275,275,173,233,124,386,73,2,82,206,9,14,190,148,54,4314,322,52,270,127,226
"background",276,276,229,302,156,464,147,4,113,318,18,271,80,166,52,5884,382,66,316,302,215
"background",277,277,124,230,20,285,45,8,42,113,35,91,65,163,41,8190,332,-59,391,223,162
"background",278,278,245,307,182,216,66,1,105,150,5,150,36,115,48,4927,357,118,239,307,258
"background",279,279,173,231,105,476,121,4,114,349,18,283,28,165,52,5044,324,12,312,219,146
"background",280,280,139,253,21,555,92,10,54,230,47,207,47,155,37,8945,342,-69,411,229,21
"background",281,281,179,248,101,366,87,4,97,235,16,214,25,175,52,5753,338,2,336,236,149
"background",282,282,144,223,78,462,90,1,89,256,7,15,244,127,44,5739,306,20,286,83,218
"background",283,283,142,243,38,457,75,11,61,204,38,204,38,167,43,7930,329,-57,386,243,38
"background",284,284,116,176,56,842,227,14,95,527,52,476,123,182,57,4740,272,-43,315,171,106
"background",285,285,153,254,53,241,47,7,62,123,26,105,37,181,46,7839,349,-40,389,244,108
"background",286,286,242,312,170,224,66,2,106,152,7,152,42,151,51,5637,381,90,291,312,263
"background",287,287,135,240,31,481,79,13,59,219,41,219,41,160,41,8129,326,-61,387,240,31
"background",288,288,224,302,136,435,85,11,63,198,39,160,43,137,43,6528,376,59,317,296,154
"background",289,289,134,203,60,441,115,5,109,314,18,259,34,188,53,5603,306,-43,349,194,99
"background",290,290,200,277,122,311,88,3,99,191,14,165,69,176,53,6158,364,32,332,277,222
"background",291,291,133,232,43,283,46,7,43,107,33,89,73,167,45,7409,336,-33,369,227,161
"background",292,292,149,232,67,318,81,6,92,202,20,172,38,180,50,6465,337,-19,356,221,145
"background",293,293,74,161,-9,499,97,14,65,253,49,213,99,196,52,6643,266,-107,373,156,103
"background",294,294,149,215,88,357,77,0,96,210,1,7,207,184,55,5029,335,2,333,99,214
"background",295,295,160,212,98,513,139,4,111,365,16,307,28,181,57,4532,311,-2,313,202,136
"background",296,296,106,175,54,759,142,1,88,406,7,20,406,123,47,4896,259,1,258,54,169
"background",297,297,219,315,127,188,40,2,63,84,10,68,52,147,42,7449,399,52,347,313,249
"background",298,298,144,211,76,585,149,9,91,354,34,329,94,184,55,5325,309,-24,333,205,139
"background",299,299,193,250,130,822,203,10,96,534,44,455,116,177,55,4763,351,32,319,242,190
"background",300,300,213,272,165,207,53,0,93,123,2,123,54,151,58,4158,346,88,258,272,211
"background",301,301,78,168,-8,387,81,12,67,201,42,170,64,192,50,6905,274,-106,380,163,107
"background",302,302,200,259,128,238,48,4,75,127,18,107,26,155,52,5214,340,43,297,250,178
"background",303,303,107,198,19,340,77,7,83,204,28,166,43,192,50,6981,299,-80,379,189,63
"background",304,304,162,249,69,275,65,5,96,175,16,150,20,166,46,7029,333,-22,355,238,120
"background",305,305,247,310,183,221,71,1,115,162,5,162,28,124,49,5025,363,114,249,310,231
"background",306,306,123,214,38,399,82,8,71,214,36,181,75,178,49,6909,309,-49,358,206,111
"background",307,307,158,219,90,487,131,4,115,359,17,294,28,175,54,5094,315,-7,322,209,129
"background",308,308,133,200,66,578,156,8,101,385,32,339,67,189,55,5268,300,-40,340,193,126
"background",309,309,198,256,128,270,61,5,86,159,17,132,25,171,54,5022,346,35,311,247,175
"background",310,310,187,288,88,391,60,6,49,143,26,114,121,157,42,7841,376,9,367,282,225
"background",311,311,131,199,59,470,128,5,110,337,18,282,36,187,54,5453,301,-43,344,190,96
"background",312,312,204,303,111,250,47,3,57,103,15,84,72,167,45,7551,395,27,368,298,237
"background",313,313,178,236,106,336,65,5,66,167,28,142,36,136,49,5086,308,33,275,227,123
"background",314,314,182,272,83,527,83,18,46,196,68,154,69,153,42,7316,350,-6,356,233,94
"background",315,315,172,245,110,155,26,1,58,58,7,52,58,164,53,5258,336,30,306,110,178
"background",316,316,107,165,50,916,243,15,93,565,58,510,140,178,57,4586,260,-47,307,161,97
"background",317,317,42,132,-45,637,100,36,38,249,110,231,135,157,44,6912,229,-127,356,126,74
"background",318,318,207,272,132,280,58,6,63,132,25,107,30,140,48,5475,342,51,291,264,149
"background",319,319,154,247,61,266,52,6,68,141,22,125,33,174,47,7236,338,-31,369,236,111
"background",320,320,154,249,61,267,60,4,78,152,18,126,49,187,48,7382,349,-33,382,239,195
"background",321,321,64,161,-30,437,74,17,46,185,56,157,96,172,44,7432,264,-119,383,155,98
"background",322,322,152,228,75,524,135,6,83,290,40,272,99,170,49,6049,329,-12,341,219,146
"background",323,323,168,254,80,333,61,8,65,162,31,142,36,175,49,6788,341,-14,355,243,96
"background",324,324,137,236,37,355,70,10,64,173,35,168,35,175,45,7709,331,-56,387,226,54
"background",325,325,208,290,113,287,45,7,60,122,27,118,29,162,46,6941,366,17,349,281,134
"background",326,326,184,268,90,552,80,18,43,205,67,172,68,150,43,6946,346,0,346,233,100
"background",327,327,173,259,85,171,34,0,81,94,2,2,89,163,45,6834,371,16,355,105,259
"background",328,328,150,249,53,255,55,5,72,139,20,119,41,189,48,7635,344,-47,391,240,145
"background",329,329,136,204,59,492,127,6,107,346,22,297,31,179,52,5697,303,-38,341,195,103
"background",330,330,101,212,-9,230,38,11,45,98,35,82,40,178,42,8555,319,-99,418,204,143
"background",331,331,174,270,71,422,75,14,53,166,46,137,46,155,42,7724,347,-21,368,261,71
"background",332,332,244,293,187,804,239,4,120,601,16,512,72,177,60,4201,381,86,295,287,240
"background",333,333,231,281,174,851,245,6,115,613,27,510,94,176,59,4250,369,75,294,276,225
"background",334,334,178,241,106,417,105,3,110,296,14,247,23,169,52,5313,332,11,321,229,150
"background",335,335,206,306,113,109,18,0,47,42,7,30,34,162,43,7592,407,33,374,302,238
"background",336,336,170,266,70,236,50,3,82,136,15,119,23,183,47,7616,357,-27,384,255,125
"background",337,337,125,193,48,551,142,7,108,380,26,339,33,172,51,5706,288,-44,332,184,91
"background",338,338,174,263,75,502,82,17,47,192,61,151,61,153,42,7298,342,-15,357,224,75
"background",339,339,185,243,113,305,59,6,67,152,25,128,31,143,50,5143,317,35,282,235,129
"background",340,340,243,298,181,667,193,3,121,503,14,405,66,181,59,4669,384,78,306,295,233
"background",341,341,106,211,4,277,53,13,55,132,42,113,43,173,43,8042,315,-84,399,202,56
"background",342,342,211,288,121,604,86,27,40,213,90,169,92,136,42,6496,361,41,320,250,139
"background",343,343,204,273,131,499,146,4,100,311,28,280,94,163,50,5625,365,45,320,268,195
"background",344,344,150,257,38,493,89,11,60,214,39,214,39,162,40,8479,346,-57,403,237,38
"background",345,345,171,262,76,292,59,6,69,143,24,126,29,159,44,7208,344,-10,354,250,94
"background",346,346,155,254,55,315,57,9,64,156,30,140,33,173,45,7773,341,-43,384,243,74
"background",347,347,198,283,100,319,57,8,58,138,30,113,32,158,45,7150,355,5,350,247,121
"background",348,348,160,218,114,530,110,0,94,301,6,13,291,125,51,4138,292,51,241,116,211
"background",349,349,99,204,-4,257,55,10,67,135,34,114,40,185,45,8035,307,-99,406,195,92
"background",350,350,117,162,66,739,161,13,87,447,47,399,89,173,60,3792,255,-31,286,156,95
"background",351,351,171,241,113,163,23,1,55,66,8,45,66,164,54,4971,330,31,299,113,175
"background",352,352,180,250,101,402,103,4,106,281,16,230,23,160,48,5872,338,10,328,237,151
"background",353,353,176,259,84,273,75,2,111,192,8,162,10,164,46,6875,342,-10,352,249,98
"background",354,354,142,170,118,434,91,0,97,254,1,4,254,95,60,2154,220,64,156,118,162
"background",355,355,240,306,175,294,90,1,106,196,4,196,45,165,57,5158,371,84,287,306,252
"background",356,356,172,259,84,171,33,0,80,93,2,2,88,162,45,6874,369,15,354,104,259
"background",357,357,151,251,51,251,49,7,65,128,27,110,37,180,46,7796,346,-42,388,241,105
"background",358,358,128,237,21,241,42,6,48,105,27,84,50,172,42,8421,340,-64,404,231,167
"background",359,359,148,205,88,825,225,9,104,542,42,500,112,179,57,4691,302,-10,312,200,138
"background",360,360,88,177,3,455,93,11,71,244,45,204,82,195,52,6774,279,-95,374,170,120
"background",361,361,169,266,79,104,18,1,59,46,7,11,46,162,43,7407,372,2,370,93,239
"background",362,362,181,271,81,672,93,30,35,226,102,186,103,145,40,7353,351,-5,356,223,93
"background",363,363,139,226,65,334,58,1,82,173,7,14,162,125,41,6437,313,9,304,71,223
"background",364,364,172,256,87,270,69,3,95,175,16,148,30,186,50,6624,360,-6,366,245,170
"background",365,365,174,279,63,650,95,23,44,225,81,190,81,152,38,8337,364,-26,390,221,77
"background",366,366,149,251,55,242,36,6,39,84,29,69,67,157,42,7710,350,-18,368,246,179
"background",367,367,196,275,103,649,81,27,39,224,89,205,89,138,42,6711,347,19,328,245,103
"background",368,368,144,253,33,472,77,11,58,208,40,208,40,158,39,8527,341,-57,398,231,45
"background",369,369,184,241,114,301,59,5,71,160,24,134,32,145,51,5041,319,36,283,232,163
"background",370,370,166,270,69,126,19,2,49,53,13,23,52,155,41,7911,373,-5,378,85,198
"background",371,371,215,293,125,547,79,23,44,193,76,152,77,134,42,6517,365,47,318,263,135
"background",372,372,232,305,144,521,126,12,71,223,53,145,60,133,42,6279,380,69,311,278,162
"background",373,373,125,217,38,469,83,11,56,215,41,181,112,180,49,7007,316,-51,367,210,156
"background",374,374,189,285,100,155,20,1,46,56,13,33,56,170,45,7303,394,19,375,100,217
"background",375,375,173,259,85,228,42,0,78,119,2,2,113,157,45,6801,366,20,346,105,259
"background",376,376,208,270,131,238,47,5,67,113,21,94,24,136,47,5500,338,49,289,264,148
"background",377,377,242,300,180,459,133,2,114,338,11,258,55,174,58,4820,382,85,297,299,230
"background",378,378,147,244,55,330,64,6,66,166,25,137,72,197,50,7380,346,-43,389,237,183
"background",379,379,241,312,167,306,91,3,113,211,13,182,54,155,50,5836,389,84,305,312,227
"background",380,380,204,277,125,591,158,6,89,347,35,318,115,179,51,6040,378,29,349,269,199
"background",381,381,181,292,75,101,14,2,42,38,12,24,36,168,41,8447,395,-14,409,96,220
"background",382,382,91,185,5,587,78,13,38,199,67,163,168,162,45,7047,284,-71,355,180,119
"background",383,383,185,282,97,164,21,1,45,59,14,35,59,169,45,7323,390,17,373,110,214
"background",384,384,174,229,109,486,125,3,108,339,15,285,25,182,57,4732,326,8,318,218,152
"background",385,385,185,259,101,321,69,4,92,201,23,177,29,161,48,6157,343,10,333,247,116
"background",386,386,148,245,53,264,57,5,72,145,21,124,42,183,48,7460,338,-42,380,235,143
"background",387,387,155,257,52,486,75,12,56,203,42,195,43,152,40,7960,335,-36,371,239,62
"background",388,388,159,244,74,326,78,5,78,185,25,155,58,192,51,6725,359,-15,374,233,156
"background",389,389,152,240,72,404,72,1,80,208,9,9,197,147,43,6724,340,4,336,82,240
"background",390,390,155,229,75,401,69,8,71,207,31,192,36,162,49,6033,311,-14,325,219,88
"background",391,391,164,241,81,388,68,8,70,197,30,181,35,167,49,6261,324,-11,335,232,96
"background",392,392,212,272,141,219,46,2,70,110,17,101,27,148,51,5224,346,56,290,262,157
"background",393,393,212,286,124,308,61,7,61,134,27,109,32,138,44,6349,351,40,311,280,131
"background",394,394,136,172,92,1191,272,17,82,687,67,620,209,149,60,3249,254,9,245,168,135
"background",395,395,102,206,1,340,63,14,56,162,46,148,46,172,43,7973,307,-85,392,197,1
"background",396,396,218,300,137,135,27,0,61,59,4,58,38,154,47,6398,381,58,323,276,240
"background",397,397,109,206,20,357,58,12,42,138,45,119,87,175,46,7287,314,-59,373,201,138
"background",398,398,147,248,47,330,64,9,65,162,31,155,33,184,46,7794,342,-54,396,237,66
"background",399,399,97,209,-14,232,38,11,45,100,37,83,39,182,42,8617,318,-108,426,200,139
"background",400,400,155,268,36,668,109,18,48,253,72,212,72,135,34,8973,349,-43,392,246,36
"background",401,401,178,270,77,417,74,13,52,169,47,129,47,153,42,7480,346,-14,360,230,97
"background",402,402,160,238,80,465,122,6,84,259,37,242,86,176,50,6262,341,-10,351,229,154
"background",403,403,184,275,82,415,73,12,52,170,46,123,46,153,42,7500,350,-10,360,236,82
"background",404,404,196,246,155,109,17,0,66,51,1,26,51,160,62,3509,336,79,257,155,194
"background",405,405,219,314,131,172,28,1,52,70,9,47,50,139,41,7232,398,61,337,310,247
"background",406,406,130,223,42,379,75,7,68,195,31,164,80,178,48,7080,317,-47,364,214,166
"background",407,407,229,299,147,632,105,16,57,263,60,233,64,126,42,5946,379,84,295,293,155
"background",408,408,166,261,69,246,51,3,80,143,19,119,29,185,48,7496,358,-23,381,250,163
"background",409,409,140,245,30,540,98,12,58,229,45,228,45,155,39,8285,329,-61,390,225,30
"background",410,410,156,251,69,442,67,8,44,165,41,129,123,172,46,7190,354,-12,366,246,183
"background",411,411,209,296,129,128,19,0,58,54,6,31,54,179,50,6578,399,41,358,129,228
"background",412,412,191,249,122,290,66,6,85,173,18,143,29,162,54,4985,336,36,300,240,169
"background",413,413,175,266,74,500,83,16,48,190,61,150,61,157,43,7421,346,-18,364,226,74
"background",414,414,136,221,67,585,111,1,89,323,9,21,305,143,45,6111,313,0,313,72,216
"background",415,415,209,263,163,99,17,0,60,40,2,25,40,166,61,3833,353,84,269,163,208
"background",416,416,202,275,123,596,158,6,89,348,35,317,117,178,51,6015,376,27,349,267,197
"background",417,417,159,268,46,552,90,12,53,223,48,192,48,153,38,8572,357,-42,399,246,46
"background",418,418,243,304,177,365,112,1,112,257,10,257,51,140,52,5068,364,99,265,304,228
"background",419,419,191,252,144,142,25,0,77,73,2,16,73,169,59,4144,343,61,282,144,215
"background",420,420,225,302,137,442,87,11,61,187,45,149,49,138,43,6429,377,60,317,271,156
"background",421,421,153,234,70,334,85,6,97,215,20,189,38,177,49,6453,335,-21,356,224,150
"background",422,422,130,236,23,411,73,8,67,201,28,201,28,172,42,8243,328,-74,402,236,23
"background",423,423,129,221,41,478,83,12,50,196,44,164,121,174,47,7084,323,-46,369,217,159
"background",424,424,246,310,176,479,132,2,112,334,14,286,71,175,55,5334,394,79,315,308,236
"background",425,425,30,120,-57,688,101,35,34,250,111,228,162,161,44,6919,220,-141,361,115,60
"background",426,426,174,268,74,382,68,11,56,157,39,133,40,155,42,7569,346,-16,362,258,93
"background",427,427,113,172,56,740,163,15,76,415,57,357,132,183,59,4586,266,-44,310,167,103
"background",428,428,232,304,147,545,93,16,53,215,61,187,64,126,41,6139,379,78,301,274,164
"background",429,429,175,264,74,482,81,16,47,187,57,145,57,153,42,7350,342,-16,358,225,74
"background",430,430,191,249,122,294,67,6,87,176,18,146,30,159,53,4983,335,38,297,240,169
"background",431,431,234,286,175,699,196,3,110,482,19,424,95,177,58,4388,387,83,304,279,230
"background",432,432,231,301,158,317,86,1,103,207,11,207,68,158,52,5716,377,76,301,301,252
"background",433,433,212,260,154,826,216,8,99,527,35,488,119,174,58,4235,358,59,299,252,213
"background",434,434,182,248,105,349,76,5,89,214,19,188,29,167,51,5616,337,13,324,237,154
"background",435,435,207,272,128,299,62,6,71,141,25,121,26,140,47,5689,342,46,296,265,146
"background",436,436,175,269,75,398,70,13,54,162,43,136,44,155,42,7576,348,-15,363,259,93
"background",437,437,192,276,112,312,70,3,76,165,11,130,81,170,49,6499,367,25,342,275,216
"background",438,438,181,235,115,383,96,2,105,255,13,225,19,188,57,4742,333,8,325,225,131
"background",439,439,114,212,19,368,72,15,61,183,50,164,58,173,45,7521,313,-67,380,202,66
"background",440,440,255,321,185,322,92,0,110,224,7,224,48,155,53,5385,386,98,288,321,240
"background",441,441,181,274,78,618,89,26,42,213,84,176,84,149,41,7575,352,-8,360,227,78
"background",442,442,73,175,-25,389,57,12,39,148,48,122,89,155,41,7782,271,-106,377,168,107
"background",443,443,159,258,62,234,52,3,81,135,15,111,43,186,48,7674,354,-33,387,248,153
"background",444,444,223,293,145,555,156,5,97,342,30,320,101,178,51,5863,394,49,345,285,218
"background",445,445,187,244,117,293,59,5,75,160,22,134,30,148,51,5049,323,37,286,236,167
"background",446,446,191,253,115,325,68,6,70,160,27,135,29,136,47,5448,322,33,289,246,131
"background",447,447,208,315,107,93,16,1,48,36,8,28,28,149,39,8150,409,32,377,309,244
"background",448,448,175,261,90,189,35,0,82,102,2,2,92,145,42,6748,359,21,338,107,261
"background",449,449,177,232,111,489,126,3,109,342,15,287,25,180,56,4780,329,12,317,221,154
"background",450,450,139,186,89,825,208,12,94,521,48,468,106,182,62,3907,279,-11,290,182,134
"background",451,451,206,274,137,333,96,2,106,219,11,219,68,163,54,5487,355,56,299,274,225
"background",452,452,241,297,180,512,146,2,116,377,12,293,61,175,58,4679,384,85,299,295,230
"background",453,453,188,249,115,351,85,4,97,223,16,186,20,184,54,5286,345,10,335,239,129
"background",454,454,193,253,142,190,46,0,98,118,1,118,54,153,57,4324,330,65,265,253,196
"background",455,455,115,218,15,312,55,8,51,139,33,112,65,177,44,7911,322,-75,397,213,149
"background",456,456,135,230,43,279,62,6,81,166,21,135,34,179,47,7306,324,-50,374,220,91
"background",457,457,184,274,89,543,81,20,44,198,71,158,72,148,42,7199,351,2,349,235,97
"background",458,458,155,245,63,224,43,4,79,120,13,113,20,168,46,7080,331,-28,359,234,113
"background",459,459,199,275,121,464,141,4,104,293,29,273,80,178,51,6121,371,27,344,270,187
"background",460,460,187,245,117,375,93,3,100,244,14,210,19,187,56,5033,342,11,331,234,132
"background",461,461,236,296,171,427,122,1,111,298,12,298,66,143,52,4996,363,93,270,296,223
"background",462,462,169,266,78,142,22,1,55,63,12,17,61,163,43,7389,373,1,372,93,240
"background",463,463,180,242,108,397,97,3,100,262,14,230,22,184,55,5248,338,5,333,231,155
"background",464,464,257,324,186,199,54,0,103,135,3,135,34,157,53,5457,388,97,291,324,273
"background",465,465,171,223,108,508,133,3,108,354,15,181,27,181,57,4583,322,7,315,213,150
"background",466,466,164,240,80,305,82,3,105,211,14,181,18,176,50,6314,332,-15,347,231,126
"background",467,467,141,238,40,403,71,9,67,194,32,189,32,180,46,7663,328,-62,390,227,40
"background",468,468,213,296,120,484,74,15,51,178,49,143,56,129,40,6883,363,42,321,255,127
"background",469,469,145,227,76,331,62,1,71,173,19,44,147,156,48,5975,326,6,320,82,195
"background",470,470,207,291,125,310,78,3,88,179,15,179,66,188,52,6645,385,26,359,291,230
"background",471,471,159,249,71,276,67,4,85,169,17,136,41,189,50,7006,358,-18,376,238,155
"background",472,472,171,265,68,605,98,22,46,223,74,184,74,144,40,7625,341,-17,358,225,68
"background",473,473,76,167,-11,423,89,11,72,232,44,192,70,198,51,6898,272,-111,383,160,66
"background",474,474,92,194,-8,323,61,15,55,152,49,131,55,171,43,7828,296,-95,391,185,131
"background",475,475,195,276,102,622,81,24,41,216,81,198,81,139,42,6771,347,17,330,236,102
"background",476,476,123,195,46,478,123,7,101,315,28,279,38,176,51,5866,295,-46,341,186,86
"background",477,477,92,190,0,386,56,11,36,139,50,116,100,161,43,7467,293,-77,370,185,124
"background",478,478,197,256,126,283,63,5,88,167,17,139,24,176,55,5095,348,29,319,247,173
"background",479,479,173,270,69,583,91,20,48,212,68,184,68,146,40,7766,348,-16,364,227,69
"background",480,480,201,279,110,267,54,6,73,145,20,131,22,158,46,6667,361,18,343,268,128
"background",481,481,139,251,23,519,83,10,56,225,41,209,41,157,38,8826,342,-68,410,228,23
"background",482,482,183,275,85,374,69,12,55,156,40,122,42,153,42,7367,350,-6,356,234,104
"background",483,483,136,236,36,404,71,9,66,200,34,200,34,163,43,7777,324,-53,377,236,36
"background",484,484,166,224,119,264,51,1,82,142,5,9,130,143,55,4076,307,49,258,121,217
"background",485,485,209,290,116,512,72,17,49,193,56,151,62,130,40,6837,358,37,321,250,124
"background",486,486,154,218,103,277,48,1,67,132,15,40,132,157,56,4488,302,25,277,105,186
"background",487,487,111,172,52,805,228,15,94,493,52,450,118,183,57,4752,268,-49,317,167,102
"background",488,488,107,186,46,552,106,1,85,283,8,18,283,109,41,5656,264,-1,265,46,180
"background",489,489,184,258,103,346,82,4,97,220,19,199,25,168,49,6077,344,6,338,245,153
"background",490,490,206,310,107,87,13,1,43,32,8,24,28,160,41,7985,411,26,385,305,241
"background",491,491,94,205,-17,242,41,11,46,105,38,88,41,176,41,8578,313,-108,421,197,136
"background",492,492,184,262,96,275,78,2,108,188,10,160,13,164,47,6520,348,0,348,251,111
"background",493,493,150,242,58,294,58,7,68,155,26,138,41,170,46,7180,332,-31,363,232,106
"background",494,494,160,254,74,564,75,8,45,185,42,140,185,165,46,7140,352,-4,356,84,188
"background",495,495,210,271,136,204,42,3,69,105,16,90,24,154,51,5391,349,50,299,262,153
"background",496,496,159,260,58,245,49,5,67,128,21,112,39,183,46,7886,355,-37,392,250,157
"background",497,497,180,252,98,307,63,7,80,179,24,148,28,148,46,6017,331,14,317,241,113
"background",498,498,140,238,39,419,73,10,68,201,33,201,33,173,45,7695,325,-59,384,238,39
"background",499,499,172,270,72,222,49,2,80,129,16,109,27,183,47,7721,364,-24,388,259,172
"background",500,500,230,326,137,127,24,1,57,54,6,40,37,153,43,7474,412,58,354,324,261
"background",501,501,147,233,60,188,40,2,88,102,7,102,14,154,45,6727,314,-23,337,233,106
"background",502,502,241,289,185,814,250,4,124,617,16,518,71,171,59,4107,374,88,286,283,236
"background",503,503,188,261,116,539,172,4,110,352,32,317,92,170,52,5746,354,30,324,256,213
"background",504,504,211,272,138,191,41,3,76,100,13,87,22,157,51,5351,352,50,302,263,189
"background",505,505,219,320,124,94,18,1,57,37,5,28,30,152,42,7725,409,48,361,317,250
"background",506,506,107,197,20,515,87,14,49,215,50,180,125,179,48,6969,301,-70,371,193,136
"background",507,507,153,250,56,311,57,8,67,157,29,139,33,173,45,7545,336,-41,377,238,74
"background",508,508,206,294,125,176,30,1,64,85,10,29,78,173,48,6722,401,41,360,135,267
"background",509,509,174,253,85,289,75,2,105,199,10,170,13,155,45,6631,333,-6,339,244,98
"background",510,510,120,176,66,749,168,14,78,429,57,369,125,183,60,4414,270,-35,305,172,111
"background",511,511,172,265,73,366,64,9,57,158,34,139,34,159,43,7463,344,-20,364,254,73
"background",512,512,133,232,42,210,35,4,59,96,20,26,95,147,40,7508,332,-27,359,55,207
"background",513,513,150,240,61,332,73,5,74,180,24,150,65,186,49,6997,342,-33,375,231,190
"background",514,514,206,270,149,148,41,0,96,93,1,93,39,156,56,4669,348,70,278,270,211
"background",515,515,209,267,145,832,211,10,97,539,43,476,115,174,54,4867,367,50,317,259,204
"background",516,516,92,191,-4,319,62,11,59,152,37,128,57,190,47,7605,299,-100,399,185,126
"background",517,517,140,215,63,530,134,7,81,293,42,273,99,168,49,5996,315,-22,337,206,132
"background",518,518,145,182,111,585,126,1,94,335,4,12,332,136,63,2782,261,46,215,114,176
"background",519,519,141,247,31,527,94,12,61,230,41,229,41,158,39,8383,335,-61,396,227,31
"background",520,520,158,201,121,413,93,0,99,246,2,5,241,133,60,3152,272,51,221,123,195
"background",521,521,212,289,121,599,86,26,41,211,88,168,91,137,42,6509,363,42,321,251,140
"background",522,522,133,181,83,780,195,13,93,495,47,440,97,183,62,3928,274,-18,292,177,128
"background",523,523,209,298,124,243,51,2,64,112,10,88,65,155,45,6933,386,47,339,297,234
"background",524,524,236,304,164,374,109,4,110,260,14,220,64,154,51,5613,380,80,300,304,223
"background",525,525,108,209,8,329,62,14,57,157,44,141,50,183,45,7798,317,-81,398,200,26
"background",526,526,179,251,99,358,82,5,94,223,21,201,29,164,49,5924,336,7,329,238,149
"background",527,527,210,269,159,100,17,1,64,43,3,33,43,170,60,4230,359,78,281,159,213
"background",528,528,176,273,76,321,62,8,65,153,29,132,33,172,45,7676,359,-19,378,261,96
"background",529,529,171,257,82,349,63,9,59,161,34,139,39,176,49,6829,343,-12,355,246,99
"background",530,530,251,314,181,409,122,0,111,287,10,287,59,160,54,5331,387,91,296,314,237
"background",531,531,166,275,54,555,87,16,50,215,57,185,57,150,38,8540,360,-32,392,254,54
"background",532,532,133,197,82,625,122,0,91,351,4,14,334,135,50,4634,284,18,266,84,193
"background",533,533,103,213,-5,259,40,7,42,102,32,82,55,169,41,8424,316,-91,407,206,142
"background",534,534,102,199,7,393,73,18,59,191,59,169,66,169,45,7473,298,-77,375,190,54
"background",535,535,240,305,171,368,101,3,109,254,12,254,69,145,51,5398,374,92,282,305,262
"background",536,536,222,308,128,429,82,10,60,177,41,136,46,146,42,7061,384,42,342,269,147
"background",537,537,212,274,137,204,40,3,69,106,16,90,23,158,51,5441,354,49,305,265,155
"background",538,538,146,245,48,319,63,9,67,161,30,151,32,182,46,7644,338,-50,388,234,66
"background",539,539,187,270,109,379,89,5,87,220,19,185,89,178,51,6442,361,17,344,268,211
"background",540,540,184,240,113,335,72,5,83,193,22,161,34,145,51,4999,320,38,282,232,164
"background",541,541,199,273,119,583,151,5,86,334,35,298,119,178,51,6087,373,24,349,265,193
"background",542,542,180,239,110,403,99,3,101,265,15,233,22,185,56,5085,335,6,329,229,156
"background",543,543,184,251,108,357,86,3,106,245,12,211,20,183,53,5625,346,5,341,239,156
"background",544,544,231,290,163,512,151,3,107,337,21,307,88,160,52,5052,381,76,305,284,225
"background",545,545,103,211,-2,266,39,7,38,99,33,80,62,163,40,8263,314,-84,398,204,140
"background",546,546,171,280,56,654,98,23,44,231,80,189,80,149,37,8652,364,-34,398,219,56
"background",547,547,221,299,131,541,88,23,46,207,74,150,76,141,43,6518,375,52,323,267,149
"background",548,548,158,228,77,405,106,4,109,283,16,238,19,165,49,5955,316,-15,331,217,92
"background",549,549,164,257,69,230,45,5,73,121,15,110,22,172,46,7280,344,-24,368,245,123
"background",550,550,154,211,85,394,75,7,72,210,32,176,42,131,48,4955,283,13,270,202,130
"background",551,551,219,300,127,465,81,15,57,180,51,138,54,136,41,6732,374,49,325,267,136
"background",552,552,170,269,65,523,76,16,52,198,53,187,53,152,40,7917,350,-22,372,252,65
"background",553,553,209,291,116,506,70,15,49,192,53,150,59,129,40,6863,358,37,321,251,123
"background",554,554,185,239,126,907,230,8,101,602,37,526,119,176,57,4477,338,30,308,232,181
"background",555,555,184,277,86,528,82,19,45,196,69,151,69,148,41,7423,353,-1,354,236,95
"background",556,556,125,230,24,257,49,8,56,121,28,97,47,185,45,8024,337,-70,407,224,161
"background",557,557,179,257,101,492,140,6,97,304,33,275,90,177,51,6145,355,11,344,251,164
"background",558,558,155,247,62,225,43,4,78,122,14,112,22,173,47,7170,336,-31,367,235,113
"background",559,559,154,211,108,282,52,0,83,153,7,21,147,152,58,3990,291,30,261,110,181
"background",560,560,144,244,41,462,71,11,61,203,40,203,40,167,43,7852,330,-54,384,244,41
"background",561,561,197,246,140,798,207,10,95,493,38,471,119,176,58,4261,346,43,303,238,199
"background",562,562,128,209,46,269,50,5,79,142,17,142,23,145,45,6332,286,-32,318,209,86
"background",563,563,79,173,-12,349,74,11,69,187,38,154,57,199,50,7171,282,-111,393,166,111
"background",564,564,148,249,58,246,37,5,43,83,26,68,78,127,37,7553,335,0,335,68,176
"background",565,565,187,273,111,256,44,1,66,125,14,36,117,171,48,6433,383,33,350,120,244
"background",566,566,98,202,-4,261,55,11,66,135,35,114,41,186,45,7996,306,-99,405,194,91
"background",567,567,160,238,76,413,74,10,63,194,35,172,40,163,49,6328,316,-15,331,229,91
"background",568,568,223,310,139,123,23,0,57,52,4,52,37,145,44,6798,392,65,327,310,247
"background",569,569,78,168,-7,430,85,12,65,218,43,182,81,208,53,6828,279,-111,390,163,107
"background",570,570,197,281,116,313,72,3,84,178,12,146,76,181,51,6581,375,22,353,280,221
"background",571,571,214,314,120,194,29,3,46,68,12,52,61,170,45,7653,407,35,372,310,248
"background",572,572,180,235,121,852,232,8,106,579,39,522,109,170,56,4571,330,28,302,229,173
"background",573,573,148,236,72,314,58,1,82,170,9,16,157,142,43,6480,329,6,323,81,233
"background",574,574,149,248,51,255,55,5,71,138,22,119,40,190,48,7692,344,-50,394,239,143
"background",575,575,167,249,84,367,91,5,78,204,30,177,66,186,50,6573,359,-10,369,239,209
"background",576,576,111,200,28,424,89,9,74,233,39,197,73,186,51,6726,300,-63,363,192,101
"background",577,577,229,299,146,643,113,16,58,280,66,267,70,126,42,5992,377,80,297,293,155
"background",578,578,222,313,135,146,26,0,66,72,4,25,68,176,48,6990,412,46,366,147,285
"background",579,579,60,151,-23,565,77,15,37,196,69,164,161,156,44,6865,250,-97,347,147,87
"background",580,580,185,276,90,543,82,20,44,198,71,157,71,146,42,7249,351,5,346,236,98
"background",581,581,203,282,111,620,82,27,39,213,88,191,89,134,41,6667,353,29,324,253,129
"background",582,582,218,298,128,484,96,12,66,201,39,173,40,143,43,6697,374,46,328,290,147
"background",583,583,177,245,120,120,26,1,60,54,5,48,36,165,55,4865,336,40,296,228,179
"background",584,584,167,264,71,226,49,4,73,122,18,104,36,177,47,7566,353,-23,376,255,163
"background",585,585,210,270,161,82,15,0,74,35,1,33,35,174,61,4190,363,78,285,161,210
"background",586,586,167,245,84,298,71,4,101,200,17,163,23,185,52,6334,346,-9,355,236,167
"background",587,587,189,275,94,313,70,4,91,194,16,163,19,178,48,7081,365,-5,370,264,112
"background",588,588,163,237,100,436,81,3,80,232,17,28,218,154,50,5423,335,29,306,106,233
"background",589,589,57,145,-27,482,96,16,64,246,52,207,89,188,50,6678,249,-120,369,139,86
"background",590,590,144,230,63,420,90,7,70,216,32,186,93,173,50,6566,325,-21,346,223,177
"background",591,591,161,259,65,224,53,3,87,135,14,111,37,184,47,7640,355,-32,387,249,155
"background",592,592,124,230,22,246,45,8,55,114,28,91,44,181,44,8119,336,-69,405,224,161
"background",593,593,142,225,73,420,75,2,70,214,23,46,194,158,48,6059,327,4,323,79,194
"background",594,594,250,318,182,172,39,0,97,114,3,114,30,149,53,5317,379,99,280,318,232
"background",595,595,212,280,133,220,40,4,55,98,21,80,28,153,49,5804,353,46,307,271,150
"background",596,596,185,288,92,176,29,2,47,61,16,49,56,129,37,7726,373,31,342,282,216
"background",597,597,167,278,52,609,100,18,49,236,65,192,65,151,37,8739,364,-36,400,256,52
"background",598,598,189,268,98,684,87,30,36,232,99,210,99,135,41,6628,339,16,323,239,98
"background",599,599,204,266,148,120,23,0,61,50,2,41,50,166,58,4549,353,68,285,148,210
"background",600,600,157,258,54,314,56,8,64,154,28,135,32,179,45,7900,346,-48,394,246,75
"background",601,601,145,244,44,367,68,10,67,180,32,174,33,180,45,7783,336,-56,392,234,62
"background",602,602,166,245,80,331,61,6,77,179,24,166,28,172,49,6455,332,-15,347,235,95
"background",603,603,92,198,-9,288,49,11,46,122,36,104,57,180,44,8074,302,-100,402,191,130
"background",604,604,165,248,87,475,111,5,79,260,26,218,108,165,49,6363,336,4,332,242,194
"background",605,605,117,207,32,570,94,13,49,225,49,188,155,164,46,6868,303,-49,352,202,145
"background",606,606,225,304,138,396,75,8,57,165,40,135,46,152,46,6511,380,50,330,270,156
"background",607,607,178,266,83,586,82,23,41,200,78,177,80,154,43,7075,346,-6,352,229,93
"background",608,608,158,272,39,642,106,19,47,243,72,198,72,140,35,8993,355,-43,398,249,39
"background",609,609,171,253,95,453,107,6,85,257,24,216,107,169,50,6276,341,9,332,249,196
"background",610,610,116,215,20,326,70,10,68,169,34,163,36,175,45,7564,313,-68,381,205,36
"background",611,611,81,174,-6,456,93,15,66,231,49,225,49,173,46,6996,271,-99,370,166,-6
"background",612,612,209,267,160,94,19,0,74,43,3,14,42,168,60,4109,357,79,278,193,211
"background",613,613,167,269,73,127,22,1,65,61,8,15,60,151,41,7703,371,4,367,87,242
"background",614,614,102,198,8,406,76,18,59,198,60,176,69,168,45,7409,296,-75,371,189,93
"background",615,615,136,199,60,483,150,3,113,347,13,297,25,168,52,5521,291,-31,322,190,108
"background",616,616,148,229,69,505,120,6,79,277,31,237,106,162,48,6273,319,-13,332,221,179
"background",617,617,209,268,162,200,49,0,93,117,2,117,55,151,58,4118,342,85,257,268,206
"background",618,618,163,238,78,318,92,2,112,226,9,195,13,158,47,6310,320,-13,333,228,91
"background",619,619,177,273,73,608,96,22,46,219,75,184,75,144,39,7748,351,-11,362,231,73
"background",620,620,103,204,2,396,79,8,73,204,27,204,27,173,44,7824,300,-91,391,204,2
"background",621,621,167,233,90,443,123,2,115,323,10,269,21,162,50,5646,323,-1,324,221,139
"background",622,622,219,263,165,1014,257,10,99,663,44,589,130,167,58,3940,356,72,284,255,221
"background",623,623,247,303,187,340,96,2,107,235,9,235,42,168,59,4654,373,92,281,303,231
"background",624,624,169,247,95,585,145,9,83,326,39,284,131,171,51,6005,341,9,332,241,196
"background",625,625,136,238,34,371,72,9,67,183,32,183,32,171,43,7923,331,-60,391,238,34
"background",626,626,127,232,24,222,45,9,62,111,29,93,31,188,45,8076,337,-72,409,223,45
"background",627,627,177,259,100,446,111,5,86,259,25,222,97,177,52,6289,350,10,340,255,202
"background",628,628,218,319,121,119,21,1,56,45,6,32,39,159,42,7807,412,40,372,315,251
"background",629,629,201,264,125,405,85,9,69,189,32,160,36,140,48,5490,333,46,287,257,142
"background",630,630,212,273,139,187,41,3,74,98,13,85,22,155,51,5357,353,52,301,264,190
"background",631,631,169,248,80,264,83,1,119,198,4,168,7,158,46,6614,329,-11,340,238,93
"background",632,632,198,273,119,546,144,5,86,310,36,280,109,177,51,6102,371,24,347,266,192
"background",633,633,196,252,127,253,52,4,72,135,19,116,28,153,52,5004,332,42,290,243,176
"background",634,634,151,248,55,260,56,4,77,146,18,122,43,185,48,7506,342,-41,383,238,145
"background",635,635,176,270,76,400,72,13,54,159,44,130,45,155,42,7524,347,-15,362,260,95
"background",636,636,176,272,73,611,97,23,45,221,76,184,76,143,39,7707,349,-11,360,231,73
"background",637,637,143,239,43,403,70,9,67,194,33,186,33,179,46,7583,329,-58,387,229,43
"background",638,638,244,305,181,357,102,1,112,256,7,256,47,171,58,4992,379,86,293,305,261
"background",639,639,153,253,51,346,62,9,66,170,31,155,33,180,45,7842,343,-51,394,241,70
"background",640,640,153,252,51,347,62,9,67,171,31,155,33,179,45,7809,342,-50,392,241,71
"background",641,641,174,260,87,245,44,0,79,127,2,2,119,157,45,6769,367,21,346,106,260
"background",642,642,114,203,28,373,81,9,76,209,37,197,43,168,47,6833,292,-59,351,194,37
"background",643,643,115,198,34,403,82,9,70,216,42,198,57,155,47,6368,280,-47,327,188,73
"background",644,644,138,240,32,472,86,11,62,213,39,213,39,162,41,8059,326,-60,386,240,32
"background",645,645,207,276,146,63,19,0,90,29,1,28,25,170,55,5013,365,60,305,260,213
"background",646,646,98,194,5,432,85,10,69,219,36,219,36,177,46,7343,291,-92,383,194,5
"background",647,647,135,208,57,431,111,6,104,288,24,258,31,180,51,5895,308,-39,347,198,99
"background",648,648,146,239,61,602,83,9,45,198,47,157,193,165,46,7025,337,-17,354,234,173
"background",649,649,102,175,48,707,133,1,88,373,8,20,373,113,44,5115,253,-1,254,48,168
"background",650,650,210,264,165,111,17,0,60,46,2,39,42,167,62,3779,354,85,269,255,210
"background",651,651,96,187,9,429,85,10,69,225,41,185,80,203,52,6903,293,-92,385,181,128
"background",652,652,138,234,45,317,66,9,70,168,31,156,32,180,47,7326,327,-51,378,223,61
"background",653,653,167,248,82,371,65,9,66,180,32,162,37,174,50,6511,333,-13,346,238,97
"background",654,654,170,268,66,539,80,17,51,199,56,184,56,148,40,7846,346,-20,366,252,66
"background",655,655,92,195,-8,320,55,12,48,136,39,116,67,183,45,7914,302,-101,403,189,128
"background",656,656,137,213,72,550,105,0,90,304,4,14,288,139,46,5629,308,10,298,78,210
"background",657,657,164,277,49,619,107,17,51,245,64,194,64,151,37,8836,363,-40,403,214,49
"background",658,658,128,223,35,317,67,8,72,174,32,150,45,169,46,7330,313,-52,365,213,82
"background",659,659,238,312,157,521,166,4,108,339,24,316,85,182,51,6158,411,57,354,305,232
"background",660,660,238,299,169,624,178,5,102,406,26,371,99,178,55,5176,395,73,322,293,231
"background",661,661,136,235,46,271,44,7,43,102,31,85,71,167,45,7443,339,-30,369,230,164
"background",662,662,196,297,101,96,14,1,44,39,9,20,37,162,42,7708,402,20,382,118,227
"background",663,663,204,299,113,377,59,9,47,146,32,120,107,169,46,7349,390,27,363,294,237
"background",664,664,170,263,71,364,61,9,58,161,34,146,34,163,44,7463,345,-22,367,253,71
"background",665,665,251,315,181,415,122,0,113,292,10,292,59,163,54,5360,390,90,300,315,238
"background",666,666,202,267,132,541,156,4,98,336,30,302,104,159,51,5338,358,48,310,261,194
"background",667,667,201,266,126,256,48,5,63,124,22,102,27,150,50,5538,339,40,299,256,142
"background",668,668,169,280,54,636,97,22,44,228,75,188,75,150,37,8708,364,-34,398,218,54
"background",669,669,114,207,30,387,65,10,46,151,40,129,104,175,48,6988,313,-49,362,203,140
"background",670,670,139,237,40,403,72,10,67,194,33,194,33,174,45,7625,325,-57,382,237,57
"background",671,671,174,276,65,677,97,25,41,232,91,192,93,145,38,8160,357,-20,377,219,78
"background",672,672,132,202,55,505,130,6,105,345,26,308,31,176,51,5806,299,-40,339,193,97
"background",673,673,174,220,120,329,68,7,67,164,29,135,35,131,54,3954,287,48,239,213,132
"background",674,674,93,196,-7,314,53,10,48,134,36,111,63,174,44,7899,298,-95,393,190,128
"background",675,675,166,275,54,562,88,16,51,217,57,186,57,150,38,8546,360,-33,393,254,54
"background",676,676,107,215,1,262,49,12,54,122,39,105,39,175,42,8297,321,-89,410,206,1
"background",677,677,179,265,85,633,85,25,38,215,88,197,89,149,43,7012,342,-2,344,230,95
"background",678,678,155,230,71,325,95,2,114,236,8,204,11,156,47,6252,311,-17,328,220,84
"background",679,679,179,239,134,173,31,0,75,88,3,18,88,165,60,4048,328,53,275,137,203
"background",680,680,150,261,36,574,95,12,54,231,49,197,49,152,37,8716,349,-53,402,238,36
"background",681,681,133,217,60,662,122,2,81,344,18,35,337,160,48,6236,321,-11,332,68,215
"background",682,682,135,202,65,522,146,7,108,360,28,320,49,192,55,5370,304,-41,345,195,128
"background",683,683,153,231,74,495,132,7,89,285,41,270,93,170,49,6161,331,-12,343,222,141
"background",684,684,99,185,25,458,81,6,73,226,24,24,224,135,42,6415,280,-35,315,31,185
"background",685,685,222,305,140,93,17,0,64,41,2,37,31,152,46,6497,389,63,326,280,243
"background",686,686,227,327,131,88,15,1,49,34,5,25,28,138,39,7700,410,61,349,323,259
"background",687,687,145,236,59,478,84,9,56,206,37,174,127,157,45,6967,325,-17,342,229,177
"background",688,688,135,200,67,513,139,7,111,362,23,316,43,182,54,5221,298,-35,333,191,134
"background",689,689,192,250,123,286,66,6,89,172,19,143,29,164,54,5000,338,36,302,241,169
"background",690,690,144,259,29,160,27,5,41,65,22,51,33,171,40,8903,365,-55,420,251,188
"background",691,691,184,276,84,647,92,29,38,223,95,180,96,150,41,7446,357,-4,361,228,96
"background",692,692,228,304,141,453,95,13,62,189,45,129,49,135,42,6395,377,63,314,277,159
"background",693,693,183,269,86,362,67,9,56,157,34,121,36,153,44,7126,339,-6,345,232,106
"background",694,694,157,209,96,520,141,4,110,369,16,312,29,182,58,4496,308,-5,313,200,134
"background",695,695,149,232,77,386,64,2,65,185,25,49,175,160,48,6167,337,7,330,85,203
"background",696,696,154,243,60,278,61,5,84,166,17,144,25,168,47,7118,328,-28,356,233,110
"background",697,697,182,259,94,321,70,5,95,203,19,181,22,160,47,6523,341,1,340,250,107
"background",698,698,151,241,70,316,58,1,78,163,11,20,158,160,45,6769,346,-4,350,81,240
"background",699,699,214,286,141,95,19,0,75,45,2,42,31,166,52,5633,367,53,314,268,231
"background",700,700,185,276,88,341,63,10,55,144,35,115,38,163,45,7301,355,-5,360,234,106
"background",701,701,201,263,124,343,75,8,71,165,28,135,29,138,47,5509,333,45,288,257,141
"background",702,702,173,275,80,197,30,3,44,67,19,54,62,126,37,7715,360,22,338,92,204
"background",703,703,188,257,106,229,38,6,57,112,22,93,30,146,46,5914,335,24,311,247,124
"background",704,704,185,262,108,482,146,4,104,310,29,283,81,177,51,6065,360,17,343,256,172
"background",705,705,162,274,46,631,109,18,51,249,67,197,67,150,37,8854,361,-42,403,252,46
"background",706,706,218,301,128,469,88,10,61,191,40,161,46,146,43,6754,376,44,332,264,148
"background",707,707,173,270,75,226,49,4,78,130,19,108,34,186,48,7657,368,-19,387,259,171
"background",708,708,107,198,20,496,87,13,56,226,46,189,113,188,50,6958,302,-73,375,192,137
"background",709,709,128,237,24,229,42,7,51,104,26,83,44,182,44,8288,341,-70,411,230,166
"background",710,710,110,216,9,325,58,14,51,149,47,135,47,165,43,8111,312,-71,383,207,9
"background",711,711,170,271,63,543,80,17,50,201,58,186,58,153,40,8037,352,-25,377,253,63
"background",712,712,116,216,19,343,71,11,67,175,36,169,37,177,45,7609,316,-71,387,206,34
"background",713,713,141,202,85,394,82,1,92,222,3,9,219,178,57,4623,315,3,312,94,200
"background",714,714,86,181,-1,567,75,12,38,194,64,157,162,164,45,7106,282,-79,361,176,115
"background",715,715,168,266,75,436,74,8,50,167,32,138,128,155,43,7512,355,-2,357,260,202
"background",716,716,158,234,78,331,84,5,100,223,19,179,27,182,51,6151,336,-17,353,223,120
"background",717,717,184,259,99,362,79,4,94,230,22,206,29,164,48,6239,343,5,338,247,109
"background",718,718,213,311,121,177,29,1,53,70,9,48,52,153,42,7509,402,44,358,307,243
"background",719,719,196,271,109,318,51,7,62,141,29,136,32,150,46,6371,344,20,324,262,127
"background",720,720,177,279,69,655,93,24,42,225,87,189,88,147,38,8112,361,-16,377,223,82
"background",721,721,244,311,177,243,55,1,95,155,5,155,37,160,55,5296,375,87,288,311,256
"background",722,722,228,293,153,701,153,20,67,329,65,252,66,129,44,5532,368,80,288,265,168
"background",723,723,167,271,70,177,25,3,40,60,19,47,51,142,39,7887,363,4,359,266,198
"background",724,724,152,248,56,313,57,8,66,158,29,139,33,170,45,7445,333,-39,372,236,74
"background",725,725,205,258,162,90,16,0,69,41,2,15,41,160,61,3674,346,85,261,162,204
"background",726,726,164,270,52,569,82,18,50,211,62,194,62,154,39,8398,357,-37,394,250,52
"background",727,727,190,251,118,276,53,5,64,137,23,113,29,146,50,5246,324,36,288,242,134
"background",728,728,196,250,129,323,82,5,100,201,16,156,20,185,57,4792,346,25,321,241,175
"background",729,729,158,248,65,309,60,7,70,155,26,136,30,155,44,7076,328,-19,347,237,82
"background",730,730,170,276,71,150,23,3,43,50,16,42,48,146,39,8030,370,-1,371,87,204
"background",731,731,128,238,19,222,38,6,46,94,27,75,46,169,41,8513,341,-64,405,231,168
"background",732,732,251,308,188,561,171,2,118,409,16,341,61,178,58,4801,398,92,306,305,241
"background",733,733,155,230,78,540,139,6,82,297,41,281,103,170,50,6015,331,-9,340,222,148
"background",734,734,215,294,132,523,140,6,91,311,35,284,94,187,51,6442,395,30,365,287,209
"background",735,735,185,277,86,375,69,12,54,159,40,118,43,150,42,7412,350,-3,353,237,106
"background",736,736,168,248,85,283,67,3,97,188,18,151,29,183,50,6396,351,-8,359,237,128
"background",737,737,173,250,87,275,88,2,115,193,10,171,13,172,49,6436,339,-9,348,240,101
"background",738,738,204,271,122,221,38,3,56,96,19,96,30,145,47,5885,345,39,306,271,177
"background",739,739,124,201,46,420,110,8,88,257,25,230,54,171,49,6111,303,-40,343,191,120
"background",740,740,168,277,55,623,93,22,46,223,73,189,73,150,37,8591,362,-33,395,256,55
"background",741,741,113,172,53,836,220,12,94,517,53,467,127,177,56,4728,267,-44,311,167,103
"background",742,742,244,312,174,226,67,1,110,159,6,159,38,143,51,5486,376,97,279,312,263
"background",743,743,149,230,67,364,91,6,87,220,26,196,46,177,49,6406,334,-22,356,220,146
"background",744,744,185,286,90,80,14,1,55,36,7,12,35,163,42,7700,392,10,382,107,260
"background",745,745,127,228,30,314,63,11,64,162,40,147,44,178,46,7671,324,-60,384,217,80
"background",746,746,195,280,98,445,78,13,50,183,48,137,52,143,41,7090,350,9,341,246,108
"background",747,747,230,301,158,228,63,1,96,145,6,145,53,161,53,5687,375,75,300,301,250
"background",748,748,166,254,71,245,60,4,95,158,14,131,20,169,47,7120,339,-16,355,244,122
"background",749,749,188,268,96,683,84,28,39,238,93,216,93,139,42,6696,340,11,329,237,96
"background",750,750,132,232,31,428,74,10,64,208,37,208,37,164,43,7774,322,-57,379,232,31
"background",751,751,214,274,143,201,46,3,75,105,15,92,25,150,51,5248,350,57,293,264,194
"background",752,752,222,296,140,339,63,7,55,146,37,117,45,160,49,6139,374,48,326,264,157
"background",753,753,130,192,65,527,144,7,108,366,25,319,47,180,55,4981,288,-35,323,184,97
"background",754,754,211,270,162,206,54,0,95,126,2,126,52,150,58,4199,344,86,258,270,210
"background",755,755,139,233,54,572,83,10,44,196,48,158,174,170,47,7051,333,-28,361,228,166
"background",756,756,101,193,14,528,85,12,47,214,48,175,134,175,47,7025,295,-74,369,189,130
"background",757,757,202,270,124,325,63,7,63,152,28,125,30,151,49,5776,344,37,307,261,141
"background",758,758,189,271,95,660,81,25,39,230,86,211,86,143,42,6851,344,7,337,239,95
"background",759,759,188,276,89,384,70,11,54,165,40,121,41,150,43,7289,345,-3,348,238,110
"background",760,760,177,274,71,504,87,17,51,190,57,159,57,149,40,7860,350,-18,368,232,71
"background",761,761,135,237,29,463,82,11,62,210,38,210,38,165,42,8027,325,-64,389,237,29
"background",762,762,186,251,107,257,39,5,54,114,24,106,35,140,46,5650,326,28,298,242,160
"background",763,763,172,277,62,601,89,20,47,213,70,184,70,154,39,8321,363,-27,390,232,62
"background",764,764,88,169,8,524,112,14,72,280,64,262,86,147,46,6311,248,-66,314,161,79
"background",765,765,166,275,54,548,88,15,52,215,54,183,54,150,38,8531,360,-32,392,215,54
"background",766,766,99,199,-1,342,70,13,64,173,41,161,44,177,45,7736,304,-88,392,190,16
"background",767,767,194,254,120,275,54,4,73,145,22,122,29,146,50,5261,330,41,289,245,138
"background",768,768,211,290,132,167,37,0,79,82,3,82,46,171,51,6202,377,43,334,290,232
"background",769,769,141,242,37,462,78,11,61,206,39,206,39,165,42,7947,328,-57,385,242,37
"background",770,770,174,269,71,484,77,15,54,188,48,174,48,149,41,7682,348,-15,363,260,71
"background",771,771,228,321,137,71,12,0,58,30,4,17,29,171,46,7254,417,49,368,153,257
"background",772,772,170,234,120,181,28,0,61,77,5,35,75,168,58,4417,328,40,288,123,168
"background",773,773,176,275,70,597,92,20,48,214,72,182,72,150,40,7928,357,-16,373,232,70
"background",774,774,211,287,135,137,28,0,69,63,3,60,39,162,50,5937,369,50,319,266,231
"background",775,775,224,275,166,793,214,6,105,533,26,468,107,174,57,4374,374,73,301,269,219
"background",776,776,177,265,83,590,82,23,40,201,79,180,80,153,43,7055,345,-6,351,227,93
"background",777,777,209,271,152,118,21,0,64,48,2,41,48,166,58,4586,357,71,286,152,216
"background",778,778,164,218,106,877,247,7,110,602,39,557,108,169,56,4475,312,14,298,213,155
"background",779,779,167,236,93,704,185,8,88,404,42,389,136,175,52,5642,334,0,334,228,162
"background",780,780,195,250,129,321,63,6,67,166,31,152,41,142,51,4841,323,48,275,241,143
"background",781,781,87,180,-1,349,74,11,68,184,38,155,55,189,49,7083,284,-97,381,175,118
"background",782,782,173,267,73,381,66,10,56,161,37,141,37,157,43,7522,346,-18,364,256,73
"background",783,783,145,244,47,311,62,9,67,156,29,147,31,183,46,7652,340,-52,392,233,64
"background",784,784,158,257,68,175,31,2,70,87,11,16,85,157,42,7449,361,-5,366,81,231
"background",785,785,89,182,2,549,87,12,48,224,51,182,138,171,46,7014,282,-84,366,177,118
"background",786,786,204,258,138,279,69,4,93,168,14,142,19,181,57,4783,351,37,314,249,183
"background",787,787,235,304,168,118,30,0,101,74,0,71,25,154,52,5313,378,84,294,288,248
"background",788,788,169,264,69,231,51,3,84,137,14,119,20,181,47,7587,355,-26,381,253,124
"background",789,789,223,319,131,158,26,1,51,63,8,43,47,150,42,7440,407,55,352,316,253
"background",790,790,202,260,135,304,64,6,65,156,33,143,45,141,50,4983,331,53,278,251,149
"background",791,791,170,249,101,411,82,2,80,215,11,21,211,164,49,5823,356,27,329,108,245
