"species","x","y","bio1","bio10","bio11","bio12","bio13","bio14","bio15","bio16","bio17","bio18","bio19","bio2","bio3","bio4","bio5","bio6","bio7","bio8","bio9"
"species",1,1,199,296,111,356,45,5,46,120,25,83,120,162,45,7339,390,32,358,111,228
"species",2,2,183,271,97,368,81,4,73,192,21,160,84,164,47,6841,357,13,344,264,216
"species",3,3,198,291,109,348,63,6,57,155,24,126,90,170,47,7181,382,22,360,286,230
"species",4,4,181,270,96,471,78,8,53,195,33,160,132,147,44,6891,352,23,329,263,213
"species",5,5,181,270,96,471,78,8,53,195,33,160,132,147,44,6891,352,23,329,263,213
"species",6,6,181,270,96,471,78,8,53,195,33,160,132,147,44,6891,352,23,329,263,213
"species",7,7,208,304,115,336,55,8,48,134,28,110,92,176,47,7423,398,25,373,299,241
"species",8,8,196,289,107,407,65,8,51,162,31,132,116,159,45,7185,376,26,350,283,229
"species",9,9,246,310,182,190,58,1,109,132,4,132,32,119,47,5072,364,115,249,310,260
"species",10,10,246,310,182,190,58,1,109,132,4,132,32,119,47,5072,364,115,249,310,260
"species",11,11,209,307,115,418,55,12,38,137,45,114,126,171,46,7586,400,29,371,302,242
"species",12,12,210,309,115,444,55,15,34,138,54,118,135,175,46,7651,404,28,376,305,243
"species",13,13,187,282,100,432,55,6,45,144,31,103,144,162,45,7207,377,22,355,100,215
"species",14,14,215,313,121,220,29,3,44,75,16,57,70,175,46,7562,409,35,374,309,247
"species",15,15,195,286,107,381,65,6,57,167,25,136,102,158,46,7048,370,28,342,280,228
"species",16,16,203,295,115,309,59,5,64,150,21,123,73,164,47,7104,378,30,348,290,236
"species",17,17,214,312,121,229,30,3,44,77,16,58,73,171,46,7530,408,37,371,308,246
"species",18,18,192,283,105,399,67,7,54,171,28,140,108,156,45,7016,367,27,340,277,225
"species",19,19,178,273,90,336,53,4,48,121,23,92,104,177,47,7250,376,2,374,271,205
"species",20,20,178,273,90,336,53,4,48,121,23,92,104,177,47,7250,376,2,374,271,205
"species",21,21,205,304,112,221,34,2,50,79,12,57,72,176,46,7604,404,22,382,301,236
"species",22,22,205,304,112,221,34,2,50,79,12,57,72,176,46,7604,404,22,382,301,236
"species",23,23,192,283,105,399,67,7,54,171,28,140,108,156,45,7016,367,27,340,277,225
"species",24,24,189,285,100,300,46,4,47,106,21,80,95,183,47,7348,390,8,382,283,218
"species",25,25,190,286,101,299,46,4,49,106,21,80,94,181,47,7349,390,10,380,284,219
"species",26,26,190,286,101,299,46,4,49,106,21,80,94,181,47,7349,390,10,380,284,219
"species",27,27,195,286,107,381,65,6,57,167,25,136,102,158,46,7048,370,28,342,280,228
"species",28,28,185,276,99,452,74,8,53,185,32,151,128,150,44,6976,359,24,335,269,217
"species",29,29,196,288,108,382,64,7,54,163,28,133,103,161,46,7121,374,26,348,283,229
"species",30,30,195,293,104,254,40,3,49,92,15,68,81,173,46,7475,392,17,375,290,226
"species",31,31,212,312,116,215,34,3,48,80,15,63,63,174,45,7719,407,28,379,308,246
"species",32,32,206,283,125,515,139,4,90,300,34,270,99,182,50,6281,383,26,357,276,200
"species",33,33,241,312,166,280,85,2,111,191,12,167,50,157,51,5846,389,83,306,312,227
"species",34,34,238,300,174,233,69,1,105,160,5,160,42,121,48,5002,354,107,247,300,252
"species",35,35,238,300,174,233,69,1,105,160,5,160,42,121,48,5002,354,107,247,300,252
"species",36,36,238,300,174,233,69,1,105,160,5,160,42,121,48,5002,354,107,247,300,252
"species",37,37,238,300,174,233,69,1,105,160,5,160,42,121,48,5002,354,107,247,300,252
"species",38,38,237,304,166,367,104,3,112,256,13,218,62,151,51,5494,378,84,294,303,224
"species",39,39,199,290,113,353,64,5,60,162,22,132,91,160,46,6996,374,32,342,284,232
"species",40,40,198,295,110,355,46,5,45,118,27,84,116,170,46,7331,394,27,367,120,226
"species",41,41,202,295,113,322,58,5,61,151,22,123,80,169,47,7192,381,25,356,290,235
"species",42,42,181,269,96,378,82,4,72,195,22,163,87,162,47,6833,355,13,342,263,215
"species",43,43,228,302,145,484,132,5,96,297,26,280,86,187,51,6253,407,44,363,295,223
"species",44,44,232,308,148,483,132,5,95,296,26,279,85,189,51,6377,413,46,367,301,227
"species",45,45,206,282,129,176,36,1,75,91,4,91,49,174,52,5981,369,39,330,282,225
"species",46,46,191,281,106,374,71,5,63,179,24,147,92,159,47,6907,363,25,338,275,223
"species",47,47,246,310,182,190,58,1,109,132,4,132,32,119,47,5072,364,115,249,310,260
"species",48,48,199,291,111,339,61,5,60,158,23,129,84,166,47,7122,377,25,352,286,231
"species",49,49,196,292,109,367,47,5,46,124,26,86,123,164,45,7265,388,29,359,119,224
"species",50,50,207,305,117,301,39,4,45,104,21,68,102,165,45,7428,399,35,364,129,237
"species",51,51,181,269,96,378,82,4,72,195,22,163,87,162,47,6833,355,13,342,263,215
"species",52,52,184,272,99,385,78,5,66,189,23,156,94,158,46,6838,356,18,338,266,217
"species",53,53,180,268,95,381,81,5,70,194,24,162,89,163,47,6835,354,12,342,262,214
"species",54,54,195,284,109,349,69,5,64,169,21,138,87,159,46,6932,367,28,339,278,227
"species",55,55,196,287,109,344,67,5,64,165,21,135,86,162,47,7015,370,26,344,280,229
"species",56,56,207,307,114,195,31,2,49,73,11,52,59,164,44,7620,402,31,371,303,238
"species",57,57,200,293,110,377,62,7,52,156,28,127,104,165,46,7230,381,26,355,288,233
"species",58,58,184,272,99,385,78,5,66,189,23,156,94,158,46,6838,356,18,338,266,217
"species",59,59,170,257,87,438,86,6,64,210,29,176,108,153,46,6727,341,10,331,250,203
"species",60,60,187,277,101,429,72,7,56,184,29,150,117,152,45,6949,360,25,335,270,219
"species",61,61,182,270,97,416,77,6,61,192,26,158,107,154,46,6842,353,20,333,263,214
"species",62,62,211,310,117,186,29,2,49,70,11,49,56,164,44,7627,405,34,371,307,242
"species",63,63,204,297,115,304,57,5,62,145,20,118,74,168,47,7203,382,27,355,293,237
"species",64,64,206,303,114,315,42,4,44,102,22,78,100,161,44,7481,395,36,359,300,237
"species",65,65,181,269,96,378,82,4,72,195,22,163,87,162,47,6833,355,13,342,263,215
"species",66,66,205,302,116,310,40,4,47,107,21,71,105,165,45,7378,397,34,363,127,234
"species",67,67,186,275,101,363,81,5,77,200,21,164,80,179,50,6843,366,9,357,269,216
"species",68,68,228,301,147,497,140,5,99,313,24,296,79,188,52,6148,406,45,361,294,223
"species",69,69,210,299,126,225,47,2,66,105,9,81,59,165,47,6856,390,44,346,298,235
"species",70,70,196,287,109,344,67,5,64,165,21,135,86,162,47,7015,370,26,344,280,229
"species",71,71,159,252,75,550,75,8,46,180,41,141,180,161,46,6999,348,0,348,247,185
"species",72,72,178,267,93,412,79,6,63,195,27,162,103,157,46,6858,351,15,336,260,212
"species",73,73,246,310,182,190,58,1,109,132,4,132,32,119,47,5072,364,115,249,310,260
"species",74,74,179,265,97,408,89,5,76,221,23,182,95,171,49,6655,354,10,344,260,208
"species",75,75,196,288,108,382,64,7,54,163,28,133,103,161,46,7121,374,26,348,283,229
"species",76,76,192,289,104,301,46,4,48,106,19,81,97,163,45,7317,382,22,360,285,222
"species",77,77,199,290,113,353,64,5,60,162,22,132,91,160,46,6996,374,32,342,284,232
"species",78,78,196,288,108,382,64,7,54,163,28,133,103,161,46,7121,374,26,348,283,229
"species",79,79,191,281,106,374,71,5,63,179,24,147,92,159,47,6907,363,25,338,275,223
"species",80,80,201,292,114,341,62,5,59,157,22,128,87,159,46,7039,375,33,342,287,233
"species",81,81,232,302,159,334,91,2,107,221,13,221,68,156,51,5721,378,76,302,302,217
"species",82,82,210,285,136,133,27,0,66,60,3,57,39,161,51,5838,365,51,314,265,229
"species",83,83,217,296,133,533,140,7,90,316,35,288,97,187,51,6442,397,32,365,288,211
"species",84,84,206,303,116,307,39,4,46,102,21,72,102,163,45,7416,397,35,362,127,236
"species",85,85,183,278,97,450,59,6,46,149,32,109,149,159,45,7175,372,21,351,97,211
"species",86,86,181,270,96,379,79,5,69,190,24,159,90,162,47,6857,356,13,343,263,215
"species",87,87,195,284,109,349,69,5,64,169,21,138,87,159,46,6932,367,28,339,278,227
"species",88,88,181,269,96,389,80,5,68,193,23,160,94,160,47,6827,354,15,339,262,214
"species",89,89,199,296,108,269,41,3,49,94,16,71,87,166,45,7426,390,25,365,292,229
"species",90,90,196,289,108,345,64,6,61,159,23,129,88,171,47,7137,380,21,359,284,228
"species",91,91,198,289,112,331,65,5,66,164,22,134,77,162,47,6996,372,28,344,283,230
"species",92,92,198,289,112,331,65,5,66,164,22,134,77,162,47,6996,372,28,344,283,230
"species",93,93,198,289,112,331,65,5,66,164,22,134,77,162,47,6996,372,28,344,283,230
"species",94,94,198,289,112,331,65,5,66,164,22,134,77,162,47,6996,372,28,344,283,230
"species",95,95,198,289,112,331,65,5,66,164,22,134,77,162,47,6996,372,28,344,283,230
"species",96,96,199,293,110,386,63,8,50,157,30,128,107,164,46,7209,380,26,354,287,232
"species",97,97,185,272,101,373,85,4,74,199,21,165,82,165,47,6768,360,16,344,266,217
"species",98,98,206,301,114,315,55,6,56,141,23,115,80,174,47,7339,391,24,367,296,239
"species",99,99,174,260,93,436,97,5,74,231,25,192,99,166,48,6580,348,9,339,254,204
"species",100,100,198,289,110,368,62,6,56,161,25,131,98,160,46,7088,374,28,346,283,231
"species",101,101,181,269,96,389,80,5,68,193,23,160,94,160,47,6827,354,15,339,262,214
"species",102,102,165,251,83,509,89,7,58,226,35,188,135,143,45,6635,330,13,317,244,196
"species",103,103,198,289,111,335,64,5,65,163,22,133,80,162,47,7018,372,28,344,284,230
"species",104,104,189,279,104,402,71,6,58,180,27,148,106,153,45,6910,361,26,335,272,222
"species",105,105,211,290,128,449,138,3,103,280,34,265,73,185,51,6384,389,28,361,283,204
"species",106,106,166,255,81,378,86,5,77,205,25,175,80,168,48,6824,344,-3,347,248,200
"species",107,107,206,297,119,308,60,4,65,150,19,122,75,157,46,7026,376,39,337,292,238
"species",108,108,204,297,114,305,57,5,61,145,21,119,74,169,47,7209,383,26,357,292,237
"species",109,109,193,284,106,383,66,6,58,171,26,140,101,157,46,7020,368,27,341,278,226
"species",110,110,196,287,108,352,65,5,62,167,23,136,86,165,47,7056,373,24,349,282,228
"species",111,111,196,271,117,536,142,4,86,302,36,273,108,177,50,6110,370,22,348,264,190
"species",112,112,207,305,114,333,43,4,45,107,23,80,107,161,44,7537,397,36,361,126,239
"species",113,113,234,303,163,416,128,5,111,288,15,242,68,159,51,5599,382,76,306,301,222
"species",114,114,189,284,104,375,53,5,47,125,27,94,121,167,46,7177,382,21,361,113,216
"species",115,115,182,272,97,442,74,7,56,190,30,156,120,150,45,6918,355,22,333,265,215
"species",116,116,199,297,109,268,40,3,48,93,16,70,87,168,45,7437,392,25,367,293,230
"species",117,117,183,278,97,450,59,6,46,149,32,109,149,159,45,7175,372,21,351,97,211
"species",118,118,171,258,88,439,87,6,65,212,29,177,108,152,46,6713,341,12,329,251,204
"species",119,119,187,277,101,429,72,7,56,184,29,150,117,152,45,6949,360,25,335,270,219
"species",120,120,164,251,81,437,91,6,69,220,29,186,102,156,46,6701,336,3,333,244,197
"species",121,121,203,296,113,323,57,5,60,148,22,121,82,169,47,7203,383,26,357,291,236
"species",122,122,199,290,113,353,64,5,60,162,22,132,91,160,46,6996,374,32,342,284,232
"species",123,123,181,269,96,378,82,4,72,195,22,163,87,162,47,6833,355,13,342,263,215
"species",124,124,203,294,116,323,63,4,65,155,19,126,80,159,46,7019,375,34,341,288,235
"species",125,125,211,308,118,290,37,4,44,94,20,70,94,164,44,7523,402,37,365,130,242
"species",126,126,181,270,96,471,78,8,53,195,33,160,132,147,44,6891,352,23,329,263,213
"species",127,127,201,269,123,348,69,7,64,163,29,134,32,149,48,5788,342,37,305,260,139
"species",128,128,204,301,115,325,41,4,45,111,23,73,111,164,45,7389,396,33,363,125,233
"species",129,129,213,311,118,218,32,3,45,78,15,60,66,167,45,7587,404,34,370,307,245
"species",130,130,195,284,109,349,69,5,64,169,21,138,87,159,46,6932,367,28,339,278,227
"species",131,131,210,298,127,225,47,2,66,104,9,81,60,154,45,6825,386,50,336,297,235
"species",132,132,179,274,93,354,54,5,48,125,26,96,110,177,47,7208,377,5,372,272,207
"species",133,133,195,291,106,393,50,5,46,132,27,91,132,162,45,7317,386,29,357,106,224
"species",134,134,196,292,106,284,43,3,49,99,18,73,91,178,47,7394,394,17,377,289,225
"species",135,135,192,287,104,404,51,5,46,135,28,95,135,161,45,7261,382,27,355,104,220
"species",136,136,203,300,113,347,43,5,45,115,24,81,115,162,45,7391,395,35,360,124,233
"species",137,137,213,313,117,177,29,2,52,64,9,49,57,179,46,7726,412,25,387,310,246
"species",138,138,181,269,96,389,80,5,68,193,23,160,94,160,47,6827,354,15,339,262,214
"species",139,139,189,261,118,438,139,4,109,290,20,253,78,167,52,5699,350,34,316,259,211
"species",140,140,208,306,116,338,42,5,43,111,24,77,111,164,44,7490,402,36,366,116,238
"species",141,141,201,297,111,348,45,4,45,115,23,83,115,160,44,7361,390,33,357,122,230
"species",142,142,200,291,113,336,64,5,62,159,20,129,85,162,47,7056,375,31,344,286,233
"species",143,143,217,282,144,590,165,5,98,367,31,343,104,173,52,5483,381,50,331,274,211
"species",144,144,203,296,113,323,57,5,60,148,22,121,82,169,47,7203,383,26,357,291,236
"species",145,145,196,287,109,344,67,5,64,165,21,135,86,162,47,7015,370,26,344,280,229
"species",146,146,199,290,113,353,64,5,60,162,22,132,91,160,46,6996,374,32,342,284,232
"species",147,147,199,296,110,380,48,5,45,127,27,86,127,163,45,7367,392,31,361,110,228
"species",148,148,184,272,99,385,78,5,66,189,23,156,94,158,46,6838,356,18,338,266,217
"species",149,149,196,287,109,347,64,5,63,164,23,134,85,163,47,7021,371,26,345,282,229
"species",150,150,197,293,107,297,56,4,58,124,17,100,85,161,45,7349,383,26,357,289,228
"species",151,151,246,308,182,202,62,1,115,147,5,147,27,119,48,4961,360,115,245,308,259
"species",152,152,175,263,90,381,87,4,77,204,22,172,84,165,47,6784,350,6,344,256,208
"species",153,153,198,289,112,331,65,5,66,164,22,134,77,162,47,6996,372,28,344,283,230
"species",154,154,198,289,112,331,65,5,66,164,22,134,77,162,47,6996,372,28,344,283,230
"species",155,155,188,283,101,422,55,6,46,141,29,102,141,159,45,7212,376,25,351,101,216
"species",156,156,188,283,101,422,55,6,46,141,29,102,141,159,45,7212,376,25,351,101,216
"species",157,157,188,283,101,422,55,6,46,141,29,102,141,159,45,7212,376,25,351,101,216
"species",158,158,181,269,96,389,80,5,68,193,23,160,94,160,47,6827,354,15,339,262,214
"species",159,159,196,287,109,344,67,5,64,165,21,135,86,162,47,7015,370,26,344,280,229
"species",160,160,199,290,113,353,64,5,60,162,22,132,91,160,46,6996,374,32,342,284,232
"species",161,161,195,284,109,349,69,5,64,169,21,138,87,159,46,6932,367,28,339,278,227
"species",162,162,184,272,99,385,78,5,66,189,23,156,94,158,46,6838,356,18,338,266,217
"species",163,163,199,290,113,353,64,5,60,162,22,132,91,160,46,6996,374,32,342,284,232
"species",164,164,198,289,112,331,65,5,66,164,22,134,77,162,47,6996,372,28,344,283,230
"species",165,165,181,269,96,389,80,5,68,193,23,160,94,160,47,6827,354,15,339,262,214
"species",166,166,193,284,106,383,66,6,58,171,26,140,101,157,46,7020,368,27,341,278,226
"species",167,167,199,290,113,353,64,5,60,162,22,132,91,160,46,6996,374,32,342,284,232
"species",168,168,199,290,113,353,64,5,60,162,22,132,91,160,46,6996,374,32,342,284,232
"species",169,169,199,290,113,353,64,5,60,162,22,132,91,160,46,6996,374,32,342,284,232
"species",170,170,199,290,113,353,64,5,60,162,22,132,91,160,46,6996,374,32,342,284,232
"species",171,171,184,272,99,385,78,5,66,189,23,156,94,158,46,6838,356,18,338,266,217
"species",172,172,204,298,114,317,57,6,59,146,23,119,79,173,47,7266,387,24,363,293,237
"species",173,173,204,297,114,308,56,5,60,144,22,118,76,171,47,7220,384,25,359,293,237
"species",174,174,204,297,114,305,57,5,61,145,21,119,74,169,47,7209,383,26,357,292,237
"species",175,175,206,301,114,315,55,6,56,141,23,115,80,174,47,7339,391,24,367,296,239
"species",176,176,211,311,115,251,46,4,55,101,17,83,69,183,47,7690,409,22,387,305,245
"species",177,177,217,318,120,128,22,1,53,49,7,34,40,159,42,7803,412,39,373,315,250
"species",178,178,194,285,106,387,65,7,55,167,26,136,105,157,45,7049,370,27,343,279,227
"species",179,179,206,304,113,244,47,3,57,104,14,85,69,166,45,7534,395,29,366,299,238
"species",180,180,204,301,115,325,41,4,45,111,23,73,111,164,45,7389,396,33,363,125,233
"species",181,181,187,277,101,428,72,7,55,183,29,149,117,152,45,6957,360,25,335,271,219
"species",182,182,195,286,107,381,65,6,57,167,25,136,102,158,46,7048,370,28,342,280,228
"species",183,183,195,284,109,349,69,5,64,169,21,138,87,159,46,6932,367,28,339,278,227
"species",184,184,189,279,104,402,71,6,58,180,27,148,106,153,45,6910,361,26,335,272,222
"species",185,185,199,290,113,353,64,5,60,162,22,132,91,160,46,6996,374,32,342,284,232
"species",186,186,246,308,182,202,62,1,115,147,5,147,27,119,48,4961,360,115,245,308,259
"species",187,187,184,272,99,385,78,5,66,189,23,156,94,158,46,6838,356,18,338,266,217
"species",188,188,205,297,116,299,58,4,66,147,19,120,71,164,46,7143,380,31,349,292,237
"species",189,189,201,295,112,315,59,5,61,148,21,121,78,176,48,7235,387,21,366,290,234
"species",190,190,195,286,107,381,65,6,57,167,25,136,102,158,46,7048,370,28,342,280,228
"species",191,191,201,294,112,342,59,6,57,153,24,125,88,165,46,7168,380,28,352,288,234
"species",192,192,239,304,170,380,103,3,108,260,14,260,71,144,51,5338,372,92,280,304,226
"species",193,193,213,311,118,217,33,3,46,80,15,62,64,166,44,7624,403,34,369,308,245
"species",194,194,192,281,107,347,73,4,70,176,20,145,81,160,47,6882,364,25,339,275,225
"species",195,195,203,295,116,328,62,5,61,154,20,125,83,161,46,7047,378,34,344,289,236
"species",196,196,203,294,116,323,63,4,65,155,19,126,80,159,46,7019,375,34,341,288,235
"species",197,197,199,289,112,332,66,4,66,162,20,133,81,158,46,6968,370,32,338,283,231
"species",198,198,184,272,99,385,78,5,66,189,23,156,94,158,46,6838,356,18,338,266,217
"species",199,199,184,272,99,385,78,5,66,189,23,156,94,158,46,6838,356,18,338,266,217
"species",200,200,182,270,97,416,77,6,61,192,26,158,107,154,46,6842,353,20,333,263,214
"species",201,201,194,284,108,345,69,4,67,170,20,139,84,159,46,6933,367,27,340,278,227
"species",202,202,196,287,109,344,67,5,64,165,21,135,86,162,47,7015,370,26,344,280,229
"species",203,203,183,271,97,368,81,4,73,192,21,160,84,164,47,6841,357,13,344,264,216
"species",204,204,187,277,101,381,73,5,64,181,24,149,96,158,46,6916,361,22,339,270,221
"species",205,205,192,283,105,399,67,7,54,171,28,140,108,156,45,7016,367,27,340,277,225
"species",206,206,241,310,168,311,91,3,113,216,11,181,56,151,50,5687,384,87,297,310,264
"species",207,207,204,297,114,305,57,5,61,145,21,119,74,169,47,7209,383,26,357,292,237
"species",208,208,181,269,96,389,80,5,68,193,23,160,94,160,47,6827,354,15,339,262,214
"species",209,209,189,279,104,402,71,6,58,180,27,148,106,153,45,6910,361,26,335,272,222
"species",210,210,150,235,70,549,98,8,60,247,38,207,144,141,45,6514,314,1,313,227,181
"species",211,211,180,267,98,389,94,4,81,217,21,182,83,178,50,6669,361,7,354,261,211
"species",212,212,189,279,104,402,71,6,58,180,27,148,106,153,45,6910,361,26,335,272,222
"species",213,213,187,277,101,381,73,5,64,181,24,149,96,158,46,6916,361,22,339,270,221
"species",214,214,178,271,89,327,73,5,74,174,21,147,71,177,48,7150,362,-1,363,264,213
"species",215,215,241,310,168,311,91,3,113,216,11,181,56,151,50,5687,384,87,297,310,264
"species",216,216,184,272,99,385,78,5,66,189,23,156,94,158,46,6838,356,18,338,266,217
"species",217,217,187,277,101,428,72,7,55,183,29,149,117,152,45,6957,360,25,335,271,219
"species",218,218,187,282,100,432,55,6,45,144,31,103,144,162,45,7207,377,22,355,100,215
"species",219,219,187,282,100,432,55,6,45,144,31,103,144,162,45,7207,377,22,355,100,215
"species",220,220,196,287,109,344,67,5,64,165,21,135,86,162,47,7015,370,26,344,280,229
"species",221,221,187,282,100,432,55,6,45,144,31,103,144,162,45,7207,377,22,355,100,215
"species",222,222,247,310,184,197,62,1,109,139,4,139,32,115,47,4992,360,119,241,310,260
"species",223,223,189,284,104,375,53,5,47,125,27,94,121,167,46,7177,382,21,361,113,216
"species",224,224,235,300,166,384,111,4,106,263,14,222,65,151,51,5363,375,84,291,299,223
"species",225,225,248,311,183,192,61,1,108,137,4,137,29,116,47,5029,363,118,245,311,261
"species",226,226,247,310,184,197,62,1,109,139,4,139,32,115,47,4992,360,119,241,310,260
"species",227,227,178,272,92,390,58,5,48,135,28,104,123,169,46,7136,370,9,361,269,204
"species",228,228,184,279,95,324,50,4,47,115,23,87,101,182,48,7301,384,5,379,277,212
"species",229,229,193,289,103,300,45,4,47,104,20,78,96,179,47,7353,391,14,377,286,221
"species",230,230,195,284,109,349,69,5,64,169,21,138,87,159,46,6932,367,28,339,278,227
"species",231,231,203,297,112,306,59,5,62,144,20,117,76,177,47,7269,390,21,369,292,235
"species",232,232,196,293,102,371,59,7,52,149,26,121,106,162,44,7521,381,20,361,287,232
"species",233,233,199,290,113,353,64,5,60,162,22,132,91,160,46,6996,374,32,342,284,232
"species",234,234,196,287,108,352,65,5,62,167,23,136,86,165,47,7056,373,24,349,282,228
"species",235,235,195,286,107,381,65,6,57,167,25,136,102,158,46,7048,370,28,342,280,228
"species",236,236,198,291,110,361,61,6,55,158,25,129,96,161,46,7116,376,28,348,285,231
"species",237,237,199,290,113,353,64,5,60,162,22,132,91,160,46,6996,374,32,342,284,232
"species",238,238,230,289,164,634,181,4,104,414,26,375,102,170,54,4993,383,73,310,283,223
"species",239,239,196,287,109,344,67,5,64,165,21,135,86,162,47,7015,370,26,344,280,229
"species",240,240,167,251,88,481,100,6,71,247,27,204,120,156,48,6433,334,10,324,245,195
"species",241,241,199,290,113,353,64,5,60,162,22,132,91,160,46,6996,374,32,342,284,232
"species",242,242,234,300,165,372,108,3,108,258,13,218,62,151,51,5419,375,83,292,299,222
"species",243,243,180,277,91,500,66,7,46,167,35,121,167,158,44,7340,369,15,354,91,211
"species",244,244,184,272,99,385,78,5,66,189,23,156,94,158,46,6838,356,18,338,266,217
"species",245,245,199,290,113,353,64,5,60,162,22,132,91,160,46,6996,374,32,342,284,232
"species",246,246,212,313,114,200,30,3,48,73,13,57,61,179,46,7803,410,24,386,308,246
"species",247,247,189,285,102,417,53,6,46,139,30,99,139,162,45,7232,380,25,355,102,217
"species",248,248,166,255,81,378,86,5,77,205,25,175,80,168,48,6824,344,-3,347,248,200
"species",249,249,183,271,97,368,81,4,73,192,21,160,84,164,47,6841,357,13,344,264,216
"species",250,250,183,271,97,368,81,4,73,192,21,160,84,164,47,6841,357,13,344,264,216
"species",251,251,233,295,170,266,77,2,103,181,6,181,50,123,50,4956,349,103,246,295,248
"species",252,252,196,287,109,344,67,5,64,165,21,135,86,162,47,7015,370,26,344,280,229
"species",253,253,186,273,102,366,86,4,78,200,21,168,78,174,49,6762,365,12,353,268,217
"species",254,254,204,301,114,317,41,4,45,104,22,76,104,162,45,7400,394,35,359,125,234
"species",255,255,190,278,105,359,79,4,74,189,21,156,80,165,48,6822,364,21,343,272,221
"species",256,256,196,287,108,352,65,5,62,167,23,136,86,165,47,7056,373,24,349,282,228
"species",257,257,140,222,62,562,109,8,65,268,39,227,139,141,45,6350,302,-7,309,215,170
"species",258,258,236,305,167,141,31,1,85,80,3,80,37,153,52,5399,377,87,290,305,252
"species",259,259,184,272,99,385,78,5,66,189,23,156,94,158,46,6838,356,18,338,266,217
"species",260,260,202,298,111,361,49,5,45,117,25,90,116,157,44,7423,388,35,353,122,232
"species",261,261,199,295,108,421,56,6,44,138,31,103,138,154,44,7394,384,34,350,108,230
"species",262,262,211,311,116,175,30,2,52,68,10,54,52,171,45,7677,403,30,373,306,245
"species",263,263,181,269,96,378,82,4,72,195,22,163,87,162,47,6833,355,13,342,263,215
"species",264,264,181,269,96,378,82,4,72,195,22,163,87,162,47,6833,355,13,342,263,215
"species",265,265,157,243,76,535,94,8,59,238,37,198,142,140,44,6578,321,8,313,235,189
"species",266,266,239,308,166,339,96,3,110,234,14,198,62,153,51,5710,383,84,299,308,225
"species",267,267,195,286,107,381,65,6,57,167,25,136,102,158,46,7048,370,28,342,280,228
"species",268,268,225,319,134,172,37,2,62,78,9,63,46,144,42,7357,401,60,341,317,254
"species",269,269,195,290,108,382,48,5,46,128,27,89,128,162,45,7260,386,29,357,108,223
"species",270,270,160,258,67,365,55,8,41,138,38,108,93,184,47,7502,368,-21,389,254,190
"species",271,271,207,300,118,264,56,3,65,125,12,100,70,164,46,7190,390,35,355,297,235
"species",272,272,206,297,119,315,59,4,62,149,19,121,79,160,46,7067,379,36,343,292,238
"species",273,273,204,301,114,317,41,4,45,104,22,76,104,162,45,7400,394,35,359,125,234
"species",274,274,172,262,88,513,83,9,52,202,37,166,150,143,43,6885,344,18,326,255,204
"species",275,275,202,278,127,204,44,1,75,109,5,109,55,172,52,5926,364,37,327,278,221
"species",276,276,203,295,115,309,59,5,64,150,21,123,73,164,47,7104,378,30,348,290,236
"species",277,277,225,320,133,167,36,2,64,75,9,61,46,146,42,7436,403,58,345,318,255
"species",278,278,182,270,97,416,77,6,61,192,26,158,107,154,46,6842,353,20,333,263,214
"species",279,279,192,288,105,374,50,6,44,122,29,92,120,171,46,7252,389,22,367,115,219
"species",280,280,184,279,95,321,50,4,49,115,22,87,100,179,47,7288,382,6,376,277,212
"species",281,281,218,321,119,120,20,1,49,44,7,31,39,162,42,7920,415,36,379,317,252
"species",282,282,190,278,105,354,76,4,71,182,21,151,82,162,47,6840,363,22,341,272,222
"species",283,283,208,307,117,287,37,4,47,99,20,65,98,165,45,7493,401,35,366,129,239
"species",284,284,195,291,106,463,63,7,46,153,34,116,153,151,43,7320,377,32,345,106,226
"species",285,285,188,275,103,360,84,4,76,196,20,163,77,171,48,6799,364,15,349,270,219
"species",286,286,189,279,104,402,71,6,58,180,27,148,106,153,45,6910,361,26,335,272,222
"species",287,287,196,288,108,382,64,7,54,163,28,133,103,161,46,7121,374,26,348,283,229
"species",288,288,206,304,114,248,35,3,47,86,16,66,79,169,45,7477,398,30,368,300,238
"species",289,289,201,294,112,342,59,6,57,153,24,125,88,165,46,7168,380,28,352,288,234
"species",290,290,232,304,159,334,90,1,106,219,12,219,70,159,52,5796,380,75,305,304,217
"species",291,291,190,278,105,350,82,4,77,192,20,160,74,173,49,6829,368,16,352,273,221
"species",292,292,198,274,123,355,115,4,113,241,16,211,59,175,52,6006,365,34,331,272,221
"species",293,293,193,282,107,346,71,4,69,173,20,142,83,161,47,6897,366,25,341,276,226
"species",294,294,176,265,90,480,79,8,53,199,34,164,134,146,44,6891,347,19,328,257,209
"species",295,295,216,296,132,483,145,4,101,303,31,286,78,189,51,6486,396,29,367,289,209
"species",296,296,213,313,117,175,29,2,52,65,9,50,55,178,46,7724,411,25,386,310,246
"species",297,297,183,271,97,368,81,4,73,192,21,160,84,164,47,6841,357,13,344,264,216
"species",298,298,177,264,95,416,93,5,77,224,23,185,93,170,49,6648,353,9,344,258,207
"species",299,299,204,301,115,325,41,4,45,111,23,73,111,164,45,7389,396,33,363,125,233
"species",300,300,207,304,114,401,57,11,41,141,40,117,117,173,46,7480,397,26,371,299,240
"species",301,301,206,303,114,390,57,10,43,140,37,116,113,173,46,7455,396,26,370,298,239
"species",302,302,188,283,97,374,64,7,56,165,25,135,100,160,45,7294,369,16,353,275,224
"species",303,303,177,264,95,416,93,5,77,224,23,185,93,170,49,6648,353,9,344,258,207
"species",304,304,185,275,98,430,72,7,56,184,29,151,118,152,45,6985,359,23,336,268,218
"species",305,305,205,276,129,510,147,4,97,309,32,286,95,170,50,5843,372,38,334,270,198
"species",306,306,242,313,167,259,79,2,111,177,9,177,48,156,51,5814,388,85,303,313,265
"species",307,307,196,287,108,352,65,5,62,167,23,136,86,165,47,7056,373,24,349,282,228
"species",308,308,228,301,155,464,145,4,111,316,18,269,78,168,52,5860,382,65,317,300,213
"species",309,309,203,294,116,323,63,4,65,155,19,126,80,159,46,7019,375,34,341,288,235
"species",310,310,192,283,105,399,67,7,54,171,28,140,108,156,45,7016,367,27,340,277,225
"species",311,311,210,309,118,182,29,2,50,71,10,50,54,153,42,7538,400,41,359,305,240
"species",312,312,210,309,118,182,29,2,50,71,10,50,54,153,42,7538,400,41,359,305,240
"species",313,313,174,261,92,439,85,6,68,217,26,178,110,158,47,6709,346,11,335,255,203
"species",314,314,182,270,97,416,77,6,61,192,26,158,107,154,46,6842,353,20,333,263,214
"species",315,315,201,292,114,341,62,5,59,157,22,128,87,159,46,7039,375,33,342,287,233
"species",316,316,182,272,97,442,74,7,56,190,30,156,120,150,45,6918,355,22,333,265,215
"species",317,317,210,309,118,182,29,2,50,71,10,50,54,153,42,7538,400,41,359,305,240
"species",318,318,210,309,118,182,29,2,50,71,10,50,54,153,42,7538,400,41,359,305,240
"species",319,319,198,291,110,361,61,6,55,158,25,129,96,161,46,7116,376,28,348,285,231
"species",320,320,206,297,119,320,60,5,62,150,20,122,81,160,46,7067,380,36,344,292,238
"species",321,321,167,254,85,502,86,8,58,220,35,182,135,144,45,6688,334,14,320,247,199
"species",322,322,212,312,116,215,34,3,48,80,15,63,63,174,45,7719,407,28,379,308,246
"species",323,323,181,269,96,389,80,5,68,193,23,160,94,160,47,6827,354,15,339,262,214
"species",324,324,202,295,113,322,58,5,61,151,22,123,80,169,47,7192,381,25,356,290,235
"species",325,325,209,309,116,206,32,2,49,74,11,55,65,171,45,7626,404,29,375,305,242
"species",326,326,204,297,115,305,57,5,62,145,20,118,75,166,47,7170,381,29,352,292,237
"species",327,327,237,299,170,432,127,4,103,288,15,245,76,150,52,5183,374,88,286,298,226
"species",328,328,196,287,109,344,67,5,64,165,21,135,86,162,47,7015,370,26,344,280,229
"species",329,329,200,292,112,320,61,5,65,157,21,128,76,171,47,7122,380,23,357,287,232
"species",330,330,202,295,113,322,58,5,61,151,22,123,80,169,47,7192,381,25,356,290,235
"species",331,331,160,241,82,508,123,6,80,278,30,237,112,169,50,6278,331,-4,335,235,188
"species",332,332,237,299,170,432,127,4,103,288,15,245,76,150,52,5183,374,88,286,298,226
"species",333,333,206,303,116,307,39,4,46,102,21,72,102,163,45,7416,397,35,362,127,236
"species",334,334,198,289,111,335,64,5,65,163,22,133,80,162,47,7018,372,28,344,284,230
"species",335,335,248,311,183,192,61,1,108,137,4,137,29,116,47,5029,363,118,245,311,261
"species",336,336,185,282,90,394,64,7,52,158,27,128,114,158,44,7507,369,11,358,275,221
"species",337,337,195,286,107,381,65,6,57,167,25,136,102,158,46,7048,370,28,342,280,228
"species",338,338,235,309,160,360,103,3,107,243,15,210,66,160,51,5985,385,72,313,309,221
"species",339,339,195,285,109,322,69,4,75,169,16,136,80,175,49,6957,377,20,357,281,224
"species",340,340,244,307,181,221,69,2,109,155,6,155,35,115,47,4945,357,117,240,307,258
"species",341,341,232,302,159,334,91,2,107,221,13,221,68,156,51,5721,378,76,302,302,217
"species",342,342,235,306,161,299,84,2,107,197,12,197,61,158,51,5782,383,78,305,306,220
"species",343,343,232,302,159,334,91,2,107,221,13,221,68,156,51,5721,378,76,302,302,217
"species",344,344,245,308,180,207,65,1,113,152,5,152,26,120,48,4999,360,114,246,308,258
"species",345,345,166,253,84,509,86,8,56,220,35,182,138,143,44,6693,334,14,320,246,198
"species",346,346,166,253,84,509,86,8,56,220,35,182,138,143,44,6693,334,14,320,246,198
"species",347,347,166,253,84,509,86,8,56,220,35,182,138,143,44,6693,334,14,320,246,198
"species",348,348,166,253,84,509,86,8,56,220,35,182,138,143,44,6693,334,14,320,246,198
"species",349,349,204,301,114,317,41,4,45,104,22,76,104,162,45,7400,394,35,359,125,234
"species",350,350,204,297,115,305,57,5,62,145,20,118,75,166,47,7170,381,29,352,292,237
"species",351,351,192,283,105,399,67,7,54,171,28,140,108,156,45,7016,367,27,340,277,225
"species",352,352,178,267,93,412,79,6,63,195,27,162,103,157,46,6858,351,15,336,260,212
"species",353,353,199,288,113,326,66,4,66,162,20,133,77,156,46,6936,369,33,336,283,231
"species",354,354,198,287,112,331,67,4,67,164,20,135,79,158,46,6914,369,31,338,281,230
"species",355,355,241,303,170,596,160,4,101,383,23,347,99,188,56,5317,399,67,332,299,234
"species",356,356,203,299,113,302,57,5,59,138,20,112,77,176,47,7315,392,22,370,294,236
"species",357,357,241,313,167,262,79,2,112,178,9,178,49,157,51,5830,388,84,304,313,264
"species",358,358,206,303,116,307,39,4,46,102,21,72,102,163,45,7416,397,35,362,127,236
"species",359,359,198,295,110,355,46,5,45,118,27,84,116,170,46,7331,394,27,367,120,226
"species",360,360,202,298,111,391,53,6,45,126,29,98,125,155,44,7422,387,35,352,294,233
"species",361,361,218,313,127,199,42,2,62,89,11,72,54,146,42,7402,396,52,344,310,247
"species",362,362,218,313,127,199,42,2,62,89,11,72,54,146,42,7402,396,52,344,310,247
"species",363,363,209,309,116,206,32,2,49,74,11,55,65,171,45,7626,404,29,375,305,242
"species",364,364,211,310,116,198,31,2,50,71,11,51,65,171,45,7663,407,29,378,307,243
"species",365,365,209,315,109,157,20,2,41,55,13,36,52,148,40,8135,405,36,369,125,243
"species",366,366,240,313,165,319,92,2,112,219,13,190,56,158,50,5927,390,80,310,312,226
"species",367,367,212,292,133,168,34,0,64,75,4,74,46,163,49,6234,376,49,327,269,233
"species",368,368,192,281,107,347,73,4,70,176,20,145,81,160,47,6882,364,25,339,275,225
"species",369,369,199,290,113,353,64,5,60,162,22,132,91,160,46,6996,374,32,342,284,232
"species",370,370,189,285,100,300,46,4,47,106,21,80,95,183,47,7348,390,8,382,283,218
"species",371,371,195,284,109,349,69,5,64,169,21,138,87,159,46,6932,367,28,339,278,227
"species",372,372,192,283,105,399,67,7,54,171,28,140,108,156,45,7016,367,27,340,277,225
"species",373,373,204,303,112,227,36,3,51,81,13,62,73,170,45,7555,399,26,373,299,236
"species",374,374,196,287,108,352,65,5,62,167,23,136,86,165,47,7056,373,24,349,282,228
"species",375,375,206,297,119,300,58,4,64,147,19,120,72,160,46,7076,378,35,343,292,238
"species",376,376,203,301,111,369,47,5,45,120,26,87,120,159,44,7487,392,35,357,123,234
"species",377,377,223,295,150,482,149,3,107,321,22,279,79,169,52,5816,384,59,325,292,213
"species",378,378,207,304,116,312,40,4,44,102,22,74,102,162,45,7448,397,37,360,127,237
"species",379,379,198,291,110,361,61,6,55,158,25,129,96,161,46,7116,376,28,348,285,231
"species",380,380,161,244,82,519,109,6,69,260,30,216,125,148,46,6405,325,7,318,237,191
"species",381,381,238,303,168,368,104,3,112,257,13,219,62,150,51,5426,377,86,291,303,225
"species",382,382,174,260,93,436,97,5,74,231,25,192,99,166,48,6580,348,9,339,254,204
"species",383,383,174,260,93,436,97,5,74,231,25,192,99,166,48,6580,348,9,339,254,204
"species",384,384,162,246,82,453,114,4,82,248,23,210,95,167,49,6449,335,-3,338,239,193
"species",385,385,178,267,93,412,79,6,63,195,27,162,103,157,46,6858,351,15,336,260,212
"species",386,386,181,270,96,379,79,5,69,190,24,159,90,162,47,6857,356,13,343,263,215
"species",387,387,198,294,109,370,47,5,46,123,25,88,123,160,44,7326,387,31,356,120,227
"species",388,388,181,270,96,379,79,5,69,190,24,159,90,162,47,6857,356,13,343,263,215
"species",389,389,217,317,121,172,28,1,52,64,8,46,56,171,45,7737,412,33,379,314,250
"species",390,390,210,308,115,427,54,13,37,136,48,114,130,172,46,7635,402,29,373,304,243
"species",391,391,174,260,93,436,97,5,74,231,25,192,99,166,48,6580,348,9,339,254,204
"species",392,392,204,275,131,513,155,6,104,326,29,295,92,166,51,5718,366,43,323,270,191
"species",393,393,194,284,108,345,69,4,67,170,20,139,84,159,46,6933,367,27,340,278,227
"species",394,394,204,275,131,513,155,6,104,326,29,295,92,166,51,5718,366,43,323,270,191
"species",395,395,204,296,116,279,60,4,69,139,14,112,71,173,47,7110,388,27,361,292,233
"species",396,396,183,276,94,411,70,7,55,178,28,145,111,154,44,7157,362,17,345,268,219
"species",397,397,181,269,96,389,80,5,68,193,23,160,94,160,47,6827,354,15,339,262,214
"species",398,398,199,290,113,353,64,5,60,162,22,132,91,160,46,6996,374,32,342,284,232
"species",399,399,181,270,96,379,79,5,69,190,24,159,90,162,47,6857,356,13,343,263,215
"species",400,400,202,302,105,361,55,7,47,135,27,109,108,164,44,7750,391,21,370,296,239
"species",401,401,199,290,113,353,64,5,60,162,22,132,91,160,46,6996,374,32,342,284,232
"species",402,402,211,308,119,199,33,2,52,77,11,56,61,156,43,7470,399,40,359,305,241
"species",403,403,242,313,167,259,79,2,111,177,9,177,48,156,51,5814,388,85,303,313,265
"species",404,404,204,275,131,513,155,6,104,326,29,295,92,166,51,5718,366,43,323,270,191
"species",405,405,165,251,83,509,89,7,58,226,35,188,135,143,45,6635,330,13,317,244,196
"species",406,406,247,309,184,204,64,1,106,143,4,143,34,113,47,4948,359,120,239,309,260
"species",407,407,195,286,107,381,65,6,57,167,25,136,102,158,46,7048,370,28,342,280,228
"species",408,408,190,278,105,350,82,4,77,192,20,160,74,173,49,6829,368,16,352,273,221
"species",409,409,197,288,110,340,64,5,63,164,22,134,82,165,47,7047,373,25,348,283,229
"species",410,410,199,290,113,353,64,5,60,162,22,132,91,160,46,6996,374,32,342,284,232
"species",411,411,199,290,113,353,64,5,60,162,22,132,91,160,46,6996,374,32,342,284,232
"species",412,412,199,290,113,353,64,5,60,162,22,132,91,160,46,6996,374,32,342,284,232
"species",413,413,211,309,117,269,37,3,45,89,18,68,85,164,44,7570,401,36,365,305,243
"species",414,414,181,270,96,379,79,5,69,190,24,159,90,162,47,6857,356,13,343,263,215
"species",415,415,199,290,113,353,64,5,60,162,22,132,91,160,46,6996,374,32,342,284,232
"species",416,416,181,270,96,379,79,5,69,190,24,159,90,162,47,6857,356,13,343,263,215
"species",417,417,184,272,99,385,78,5,66,189,23,156,94,158,46,6838,356,18,338,266,217
"species",418,418,181,269,96,389,80,5,68,193,23,160,94,160,47,6827,354,15,339,262,214
"species",419,419,179,271,89,340,72,5,70,174,21,146,78,173,48,7154,361,2,359,264,214
"species",420,420,232,301,163,115,25,0,78,58,2,58,35,160,54,5358,377,81,296,301,246
"species",421,421,206,301,114,308,56,6,59,141,23,115,77,177,47,7337,392,23,369,296,239
"species",422,422,165,251,83,509,89,7,58,226,35,188,135,143,45,6635,330,13,317,244,196
"species",423,423,172,264,86,544,84,8,50,185,37,151,181,145,43,7066,348,14,334,259,201
"species",424,424,199,290,113,353,64,5,60,162,22,132,91,160,46,6996,374,32,342,284,232
"species",425,425,200,291,113,336,64,5,62,159,20,129,85,162,47,7056,375,31,344,286,233
"species",426,426,186,275,101,409,74,6,60,190,27,155,103,155,46,6857,357,23,334,268,218
"species",427,427,195,284,109,349,69,5,64,169,21,138,87,159,46,6932,367,28,339,278,227
"species",428,428,206,303,117,318,41,4,46,109,23,73,106,166,45,7369,399,34,365,128,234
"species",429,429,206,303,117,318,41,4,46,109,23,73,106,166,45,7369,399,34,365,128,234
"species",430,430,199,288,113,326,66,4,66,162,20,133,77,156,46,6936,369,33,336,283,231
"species",431,431,242,306,176,197,57,1,103,135,4,135,35,126,49,5142,363,107,256,306,257
"species",432,432,189,285,100,300,46,4,47,106,21,80,95,183,47,7348,390,8,382,283,218
"species",433,433,191,280,105,353,72,4,68,176,20,144,86,162,47,6913,364,22,342,274,224
"species",434,434,231,302,158,470,149,5,109,323,18,271,75,167,52,5762,386,68,318,300,219
"species",435,435,238,303,168,368,104,3,112,257,13,219,62,150,51,5426,377,86,291,303,225
"species",436,436,221,291,150,456,135,3,103,299,18,256,83,165,53,5665,374,63,311,290,206
"species",437,437,186,275,101,409,74,6,60,190,27,155,103,155,46,6857,357,23,334,268,218
"species",438,438,209,305,116,319,54,7,51,132,26,109,85,178,47,7464,399,24,375,300,243
"species",439,439,239,307,167,350,98,3,110,243,13,202,64,150,51,5605,380,86,294,307,262
"species",440,440,189,285,100,300,46,4,47,106,21,80,95,183,47,7348,390,8,382,283,218
"species",441,441,178,273,89,331,52,4,49,120,22,91,103,177,47,7273,375,2,373,270,205
"species",442,442,195,286,107,381,65,6,57,167,25,136,102,158,46,7048,370,28,342,280,228
"species",443,443,195,286,107,381,65,6,57,167,25,136,102,158,46,7048,370,28,342,280,228
"species",444,444,184,279,98,432,56,6,44,143,32,104,143,164,46,7176,376,20,356,98,211
"species",445,445,207,305,114,233,34,3,47,83,15,65,73,170,45,7533,398,28,370,300,239
"species",446,446,190,285,103,417,53,6,46,139,30,99,139,161,45,7247,380,25,355,103,218
"species",447,447,216,315,123,133,23,1,52,53,7,37,41,151,42,7582,405,48,357,312,247
"species",448,448,218,293,139,455,138,6,105,290,26,263,82,173,50,6086,387,47,340,288,208
"species",449,449,200,292,112,320,61,5,65,157,21,128,76,171,47,7122,380,23,357,287,232
"species",450,450,197,286,114,300,62,3,63,138,14,109,81,148,44,6830,370,41,329,283,222
"species",451,451,229,298,160,134,31,1,75,70,4,70,39,160,54,5399,374,78,296,298,244
"species",452,452,157,243,76,535,94,8,59,238,37,198,142,140,44,6578,321,8,313,235,189
"species",453,453,210,299,126,225,47,2,66,105,9,81,59,165,47,6856,390,44,346,298,235
"species",454,454,210,299,126,225,47,2,66,105,9,81,59,165,47,6856,390,44,346,298,235
"species",455,455,204,301,114,317,41,4,45,104,22,76,104,162,45,7400,394,35,359,125,234
"species",456,456,211,310,116,205,30,3,45,74,14,58,63,172,45,7628,403,29,374,305,244
"species",457,457,199,290,113,353,64,5,60,162,22,132,91,160,46,6996,374,32,342,284,232
"species",458,458,212,310,120,260,33,3,45,86,18,61,86,166,45,7522,404,37,367,133,243
"species",459,459,189,285,102,417,53,6,46,139,30,99,139,162,45,7232,380,25,355,102,217
"species",460,460,194,286,107,388,65,7,55,167,27,136,105,158,45,7071,371,27,344,280,227
"species",461,461,208,281,133,500,153,6,105,318,29,290,89,169,51,5842,373,44,329,276,197
"species",462,462,202,298,111,442,61,7,45,145,34,113,145,153,43,7389,384,35,349,111,233
"species",463,463,194,285,106,387,65,7,55,167,26,136,105,157,45,7049,370,27,343,279,227
"species",464,464,198,291,110,361,61,6,55,158,25,129,96,161,46,7116,376,28,348,285,231
"species",465,465,198,291,110,361,61,6,55,158,25,129,96,161,46,7116,376,28,348,285,231
"species",466,466,180,267,98,415,88,5,70,212,25,175,96,161,47,6698,353,16,337,261,211
"species",467,467,187,276,101,361,75,4,68,181,21,150,86,163,47,6895,361,18,343,269,220
"species",468,468,146,231,66,497,99,7,66,243,35,207,119,149,46,6485,314,-6,320,223,178
"species",469,469,198,295,107,276,41,3,47,95,18,70,89,177,46,7429,395,18,377,292,227
"species",470,470,184,279,97,450,57,6,45,150,32,107,150,163,45,7209,375,19,356,97,211
"species",471,471,243,314,168,273,85,2,115,188,10,164,48,156,50,5861,391,85,306,313,267
"species",472,472,225,296,155,154,39,1,86,85,4,85,44,162,53,5493,373,72,301,296,242
"species",473,473,203,300,113,347,43,5,45,115,24,81,115,162,45,7391,395,35,360,124,233
"species",474,474,171,258,88,439,87,6,65,212,29,177,108,152,46,6713,341,12,329,251,204
"species",475,475,206,300,114,311,55,6,59,142,23,116,78,173,47,7303,388,24,364,295,239
"species",476,476,144,238,59,388,63,7,46,144,33,117,112,174,47,7065,339,-24,363,234,169
"species",477,477,164,247,85,494,111,5,72,254,29,214,114,154,47,6418,333,6,327,239,196
"species",478,478,195,284,109,349,69,5,64,169,21,138,87,159,46,6932,367,28,339,278,227
"species",479,479,189,293,92,169,23,2,41,58,15,41,53,141,39,7944,381,24,357,106,221
"species",480,480,206,305,113,217,34,2,50,78,11,58,70,172,45,7588,401,26,375,301,238
"species",481,481,174,264,88,488,80,8,53,199,34,164,138,146,44,6920,347,16,331,256,207
"species",482,482,206,289,122,271,73,2,89,158,10,158,61,186,51,6571,381,23,358,289,230
"species",483,483,196,292,108,385,49,5,45,128,27,91,128,161,45,7311,386,30,356,108,225
"species",484,484,210,289,128,435,136,2,104,272,33,260,69,183,51,6377,387,29,358,283,245
"species",485,485,186,275,101,409,74,6,60,190,27,155,103,155,46,6857,357,23,334,268,218
"species",486,486,192,283,105,399,67,7,54,171,28,140,108,156,45,7016,367,27,340,277,225
"species",487,487,170,268,81,318,48,5,44,110,26,85,96,189,48,7383,377,-10,387,265,197
"species",488,488,206,305,113,217,34,2,50,78,11,58,70,172,45,7588,401,26,375,301,238
"species",489,489,189,293,92,169,23,2,41,58,15,41,53,141,39,7944,381,24,357,106,221
"species",490,490,189,293,92,169,23,2,41,58,15,41,53,141,39,7944,381,24,357,106,221
"species",491,491,201,294,112,342,59,6,57,153,24,125,88,165,46,7168,380,28,352,288,234
"species",492,492,170,257,87,438,86,6,64,210,29,176,108,153,46,6727,341,10,331,250,203
"species",493,493,171,258,88,439,87,6,65,212,29,177,108,152,46,6713,341,12,329,251,204
"species",494,494,245,309,181,196,61,1,108,138,4,138,32,118,48,5052,361,116,245,309,259
"species",495,495,202,279,121,492,139,4,91,289,36,266,91,180,51,6255,377,25,352,273,195
"species",496,496,216,306,129,222,47,2,64,102,10,81,59,149,44,7046,391,54,337,305,242
"species",497,497,170,268,81,318,48,5,44,110,26,85,96,189,48,7383,377,-10,387,265,197
"species",498,498,170,268,81,318,48,5,44,110,26,85,96,189,48,7383,377,-10,387,265,197
"species",499,499,196,289,108,345,64,6,61,159,23,129,88,171,47,7137,380,21,359,284,228
"species",500,500,196,289,108,345,64,6,61,159,23,129,88,171,47,7137,380,21,359,284,228
"species",501,501,207,296,123,249,52,2,66,115,10,90,66,162,46,6887,387,42,345,295,232
"species",502,502,211,309,117,255,38,4,45,90,18,71,77,163,44,7588,399,36,363,305,244
"species",503,503,199,291,111,339,61,5,60,158,23,129,84,166,47,7122,377,25,352,286,231
"species",504,504,207,305,114,233,34,3,47,83,15,65,73,170,45,7533,398,28,370,300,239
"species",505,505,202,298,111,361,49,5,45,117,25,90,116,157,44,7423,388,35,353,122,232
"species",506,506,246,311,181,186,56,1,106,129,4,129,31,121,48,5105,365,114,251,311,260
"species",507,507,198,291,110,313,63,5,66,153,18,123,79,173,47,7149,383,21,362,286,228
"species",508,508,204,301,115,325,41,4,45,111,23,73,111,164,45,7389,396,33,363,125,233
"species",509,509,205,296,117,297,59,4,67,148,19,121,69,162,46,7073,378,33,345,291,237
"species",510,510,211,318,111,152,20,2,43,53,13,35,50,147,39,8153,406,38,368,127,245
"species",511,511,204,297,114,305,57,5,61,145,21,119,74,169,47,7209,383,26,357,292,237
"species",512,512,184,279,97,450,57,6,45,150,32,107,150,163,45,7209,375,19,356,97,211
"species",513,513,221,290,151,389,113,2,104,255,14,255,76,166,54,5563,370,66,304,290,205
"species",514,514,202,298,111,361,49,5,45,117,25,90,116,157,44,7423,388,35,353,122,232
"species",515,515,198,293,109,461,66,7,46,153,34,121,151,151,44,7273,377,34,343,288,229
"species",516,516,188,286,97,456,58,6,45,152,32,107,152,161,44,7449,380,20,360,97,219
"species",517,517,177,275,87,297,46,4,47,105,21,80,91,176,46,7416,377,1,376,271,204
"species",518,518,177,275,87,297,46,4,47,105,21,80,91,176,46,7416,377,1,376,271,204
"species",519,519,177,275,87,297,46,4,47,105,21,80,91,176,46,7416,377,1,376,271,204
"species",520,520,181,269,96,378,82,4,72,195,22,163,87,162,47,6833,355,13,342,263,215
"species",521,521,234,300,164,449,141,4,109,309,15,260,72,160,52,5450,383,77,306,298,225
"species",522,522,200,298,104,369,57,7,49,142,27,115,108,163,44,7617,387,21,366,292,236
"species",523,523,199,290,113,353,64,5,60,162,22,132,91,160,46,6996,374,32,342,284,232
"species",524,524,172,259,88,470,84,7,58,211,32,175,123,148,45,6755,340,15,325,252,204
"species",525,525,158,245,77,544,92,8,55,230,38,192,150,140,44,6633,325,8,317,237,190
"species",526,526,227,302,152,490,151,3,109,328,22,285,77,174,52,5993,392,58,334,298,217
"species",527,527,228,301,155,464,145,4,111,316,18,269,78,168,52,5860,382,65,317,300,213
"species",528,528,198,289,110,368,62,6,56,161,25,131,98,160,46,7088,374,28,346,283,231
"species",529,529,167,254,85,502,86,8,58,220,35,182,135,144,45,6688,334,14,320,247,199
"species",530,530,199,290,113,353,64,5,60,162,22,132,91,160,46,6996,374,32,342,284,232
"species",531,531,201,300,105,376,57,7,47,140,28,113,113,162,44,7657,388,22,366,294,237
"species",532,532,177,275,87,297,46,4,47,105,21,80,91,176,46,7416,377,1,376,271,204
"species",533,533,188,286,97,456,58,6,45,152,32,107,152,161,44,7449,380,20,360,97,219
"species",534,534,209,308,114,441,55,14,36,137,52,116,135,173,46,7652,402,28,374,304,242
"species",535,535,188,286,97,456,58,6,45,152,32,107,152,161,44,7449,380,20,360,97,219
"species",536,536,206,275,136,478,149,4,110,319,23,280,77,166,53,5545,363,51,312,272,228
"species",537,537,182,270,97,416,77,6,61,192,26,158,107,154,46,6842,353,20,333,263,214
"species",538,538,200,299,104,363,56,7,48,140,27,113,106,164,44,7654,387,20,367,292,237
"species",539,539,195,286,107,381,65,6,57,167,25,136,102,158,46,7048,370,28,342,280,228
"species",540,540,158,245,76,509,89,8,58,226,36,189,134,146,45,6681,327,4,323,237,190
"species",541,541,216,302,133,181,37,1,62,82,7,82,48,155,46,6722,388,54,334,302,240
"species",542,542,232,302,159,334,91,2,107,221,13,221,68,156,51,5721,378,76,302,302,217
"species",543,543,181,270,96,379,79,5,69,190,24,159,90,162,47,6857,356,13,343,263,215
"species",544,544,196,264,124,555,156,5,94,334,35,305,107,163,51,5530,357,38,319,258,188
"species",545,545,182,278,93,310,49,4,49,112,22,85,95,185,48,7338,384,0,384,276,210
"species",546,546,189,285,100,300,46,4,47,106,21,80,95,183,47,7348,390,8,382,283,218
"species",547,547,233,295,170,266,77,2,103,181,6,181,50,123,50,4956,349,103,246,295,248
"species",548,548,182,270,97,416,77,6,61,192,26,158,107,154,46,6842,353,20,333,263,214
"species",549,549,182,270,97,416,77,6,61,192,26,158,107,154,46,6842,353,20,333,263,214
"species",550,550,168,251,90,457,111,5,83,258,25,219,102,171,50,6363,340,3,337,246,195
"species",551,551,203,295,116,328,62,5,61,154,20,125,83,161,46,7047,378,34,344,289,236
"species",552,552,196,275,117,333,103,3,112,226,16,197,51,177,52,6245,367,27,340,273,220
"species",553,553,182,270,97,416,77,6,61,192,26,158,107,154,46,6842,353,20,333,263,214
"species",554,554,188,286,97,456,58,6,45,152,32,107,152,161,44,7449,380,20,360,97,219
"species",555,555,209,308,114,441,55,14,36,137,52,116,135,173,46,7652,402,28,374,304,242
"species",556,556,188,286,97,456,58,6,45,152,32,107,152,161,44,7449,380,20,360,97,219
"species",557,557,167,263,80,325,50,5,44,113,26,88,99,172,46,7258,364,-2,366,260,193
"species",558,558,177,275,87,297,46,4,47,105,21,80,91,176,46,7416,377,1,376,271,204
"species",559,559,167,263,80,325,50,5,44,113,26,88,99,172,46,7258,364,-2,366,260,193
"species",560,560,167,263,80,325,50,5,44,113,26,88,99,172,46,7258,364,-2,366,260,193
"species",561,561,176,267,89,464,77,8,54,192,33,159,129,148,44,6999,351,16,335,259,210
"species",562,562,195,268,123,484,174,2,123,339,23,305,71,173,53,5780,360,35,325,265,218
"species",563,563,178,273,89,331,52,4,49,120,22,91,103,177,47,7273,375,2,373,270,205
"species",564,564,195,284,109,349,69,5,64,169,21,138,87,159,46,6932,367,28,339,278,227
"species",565,565,177,275,87,297,46,4,47,105,21,80,91,176,46,7416,377,1,376,271,204
"species",566,566,177,275,87,297,46,4,47,105,21,80,91,176,46,7416,377,1,376,271,204
"species",567,567,177,275,87,297,46,4,47,105,21,80,91,176,46,7416,377,1,376,271,204
"species",568,568,188,286,97,456,58,6,45,152,32,107,152,161,44,7449,380,20,360,97,219
"species",569,569,188,286,97,456,58,6,45,152,32,107,152,161,44,7449,380,20,360,97,219
"species",570,570,167,263,80,325,50,5,44,113,26,88,99,172,46,7258,364,-2,366,260,193
"species",571,571,188,286,97,456,58,6,45,152,32,107,152,161,44,7449,380,20,360,97,219
"species",572,572,177,275,87,297,46,4,47,105,21,80,91,176,46,7416,377,1,376,271,204
"species",573,573,228,290,165,277,77,2,99,185,7,185,54,126,50,4963,347,98,249,290,243
"species",574,574,204,307,107,190,28,2,48,65,12,47,61,170,44,7882,406,21,385,303,236
"species",575,575,177,275,87,297,46,4,47,105,21,80,91,176,46,7416,377,1,376,271,204
"species",576,576,193,284,106,383,66,6,58,171,26,140,101,157,46,7020,368,27,341,278,226
"species",577,577,211,300,127,145,27,1,56,61,6,43,44,145,43,6893,386,55,331,300,234
"species",578,578,188,286,97,456,58,6,45,152,32,107,152,161,44,7449,380,20,360,97,219
"species",579,579,188,286,97,456,58,6,45,152,32,107,152,161,44,7449,380,20,360,97,219
"species",580,580,198,289,110,368,62,6,56,161,25,131,98,160,46,7088,374,28,346,283,231
"species",581,581,222,317,132,161,26,1,52,65,8,44,47,145,42,7335,403,58,345,314,251
"species",582,582,228,293,156,495,159,3,109,330,24,292,86,163,51,5459,383,67,316,288,222
"species",583,583,225,298,153,416,120,2,105,272,15,272,82,167,53,5778,378,66,312,298,210
"species",584,584,218,291,146,94,14,0,66,36,0,36,33,171,53,5602,374,57,317,291,233
"species",585,585,218,291,146,94,14,0,66,36,0,36,33,171,53,5602,374,57,317,291,233
"species",586,586,239,300,173,489,147,3,110,334,16,289,75,156,53,5103,378,87,291,298,229
"species",587,587,234,298,166,336,90,2,103,227,9,227,68,138,51,5269,362,92,270,298,253
"species",588,588,217,305,132,200,42,1,64,91,8,70,54,144,43,6917,388,59,329,304,242
"species",589,589,195,284,109,349,69,5,64,169,21,138,87,159,46,6932,367,28,339,278,227
"species",590,590,227,299,154,449,137,3,109,302,17,257,83,166,52,5841,379,65,314,299,212
"species",591,591,214,312,121,229,30,3,44,77,16,58,73,171,46,7530,408,37,371,308,246
"species",592,592,240,302,172,447,132,4,105,298,15,256,75,153,52,5215,378,89,289,301,229
"species",593,593,194,286,107,388,65,7,55,167,27,136,105,158,45,7071,371,27,344,280,227
"species",594,594,206,305,113,217,34,2,50,78,11,58,70,172,45,7588,401,26,375,301,238
"species",595,595,194,284,108,345,69,4,67,170,20,139,84,159,46,6933,367,27,340,278,227
"species",596,596,206,301,114,315,55,6,56,141,23,115,80,174,47,7339,391,24,367,296,239
"species",597,597,211,310,116,205,30,3,45,74,14,58,63,172,45,7628,403,29,374,305,244
"species",598,598,164,263,76,265,39,4,43,91,22,71,82,156,43,7402,357,2,355,259,191
"species",599,599,164,263,76,265,39,4,43,91,22,71,82,156,43,7402,357,2,355,259,191
"species",600,600,174,273,84,251,36,3,45,84,20,64,79,159,43,7487,370,7,363,269,202
"species",601,601,206,305,113,217,34,2,50,78,11,58,70,172,45,7588,401,26,375,301,238
"species",602,602,195,284,109,349,69,5,64,169,21,138,87,159,46,6932,367,28,339,278,227
"species",603,603,183,271,97,368,81,4,73,192,21,160,84,164,47,6841,357,13,344,264,216
"species",604,604,179,265,97,407,93,4,76,215,23,180,90,164,48,6653,353,12,341,259,211
"species",605,605,140,222,62,562,109,8,65,268,39,227,139,141,45,6350,302,-7,309,215,170
"species",606,606,191,286,99,356,64,7,59,160,23,131,93,167,46,7320,374,15,359,279,227
"species",607,607,138,222,59,611,105,9,57,264,44,222,166,134,43,6428,300,-5,305,214,168
"species",608,608,183,278,97,450,59,6,46,149,32,109,149,159,45,7175,372,21,351,97,211
"species",609,609,191,288,101,433,54,6,44,144,31,100,144,166,45,7419,386,21,365,101,220
"species",610,610,193,281,108,340,74,4,72,177,19,146,78,161,47,6869,365,25,340,276,225
"species",611,611,195,284,109,349,69,5,64,169,21,138,87,159,46,6932,367,28,339,278,227
"species",612,612,204,298,114,317,57,6,59,146,23,119,79,173,47,7266,387,24,363,293,237
"species",613,613,192,281,107,347,73,4,70,176,20,145,81,160,47,6882,364,25,339,275,225
"species",614,614,181,269,96,378,82,4,72,195,22,163,87,162,47,6833,355,13,342,263,215
"species",615,615,204,304,107,363,54,7,46,133,27,107,111,164,44,7746,393,23,370,298,241
"species",616,616,198,289,110,368,62,6,56,161,25,131,98,160,46,7088,374,28,346,283,231
"species",617,617,204,297,114,305,57,5,61,145,21,119,74,169,47,7209,383,26,357,292,237
"species",618,618,187,277,102,365,77,5,71,191,22,156,82,172,48,6895,366,14,352,271,219
"species",619,619,190,285,99,350,67,6,61,163,21,134,90,169,46,7289,373,13,360,278,226
"species",620,620,194,295,97,391,59,7,47,142,28,114,121,157,43,7762,382,17,365,288,231
"species",621,621,174,273,84,251,36,3,45,84,20,64,79,159,43,7487,370,7,363,269,202
"species",622,622,183,275,95,381,71,6,62,177,23,145,97,161,46,7089,362,14,348,268,218
"species",623,623,232,302,159,334,91,2,107,221,13,221,68,156,51,5721,378,76,302,302,217
"species",624,624,195,286,107,381,65,6,57,167,25,136,102,158,46,7048,370,28,342,280,228
"species",625,625,164,263,76,265,39,4,43,91,22,71,82,156,43,7402,357,2,355,259,191
"species",626,626,208,306,117,286,36,4,46,97,20,65,97,165,45,7474,400,36,364,129,239
"species",627,627,184,274,97,439,73,8,54,184,31,151,121,150,44,6980,358,22,336,267,217
"species",628,628,157,243,76,535,94,8,59,238,37,198,142,140,44,6578,321,8,313,235,189
"species",629,629,156,239,76,473,111,5,78,256,28,217,102,157,47,6402,326,-3,329,231,188
"species",630,630,181,269,96,378,82,4,72,195,22,163,87,162,47,6833,355,13,342,263,215
"species",631,631,183,278,91,461,73,8,49,170,33,139,142,148,42,7372,362,17,345,272,216
"species",632,632,207,305,114,233,34,3,47,83,15,65,73,170,45,7533,398,28,370,300,239
"species",633,633,211,310,116,205,30,3,45,74,14,58,63,172,45,7628,403,29,374,305,244
"species",634,634,206,305,113,217,34,2,50,78,11,58,70,172,45,7588,401,26,375,301,238
"species",635,635,211,310,116,205,30,3,45,74,14,58,63,172,45,7628,403,29,374,305,244
"species",636,636,207,305,114,233,34,3,47,83,15,65,73,170,45,7533,398,28,370,300,239
"species",637,637,195,284,109,349,69,5,64,169,21,138,87,159,46,6932,367,28,339,278,227
"species",638,638,210,308,118,273,34,3,46,91,19,63,91,165,44,7513,403,36,367,131,241
"species",639,639,209,298,125,234,49,2,65,109,10,85,61,161,46,6863,388,45,343,297,234
"species",640,640,193,284,106,383,66,6,58,171,26,140,101,157,46,7020,368,27,341,278,226
"species",641,641,182,270,97,416,77,6,61,192,26,158,107,154,46,6842,353,20,333,263,214
"species",642,642,165,253,82,529,87,9,52,215,38,179,150,142,44,6761,334,12,322,245,197
"species",643,643,205,302,113,422,58,9,42,140,38,113,132,161,44,7459,391,33,358,297,238
"species",644,644,205,294,121,262,55,2,66,121,11,95,71,151,45,6906,381,46,335,293,230
"species",645,645,205,302,113,422,58,9,42,140,38,113,132,161,44,7459,391,33,358,297,238
"species",646,646,205,294,121,262,55,2,66,121,11,95,71,151,45,6906,381,46,335,293,230
"species",647,647,220,309,134,195,42,2,63,90,9,71,51,147,43,7009,394,59,335,309,245
"species",648,648,205,302,113,422,58,9,42,140,38,113,132,161,44,7459,391,33,358,297,238
"species",649,649,205,302,113,422,58,9,42,140,38,113,132,161,44,7459,391,33,358,297,238
"species",650,650,205,302,113,422,58,9,42,140,38,113,132,161,44,7459,391,33,358,297,238
"species",651,651,205,302,113,422,58,9,42,140,38,113,132,161,44,7459,391,33,358,297,238
"species",652,652,205,302,113,422,58,9,42,140,38,113,132,161,44,7459,391,33,358,297,238
"species",653,653,205,302,113,422,58,9,42,140,38,113,132,161,44,7459,391,33,358,297,238
"species",654,654,219,289,149,459,135,3,103,298,19,256,85,165,53,5622,372,62,310,288,205
"species",655,655,219,289,149,459,135,3,103,298,19,256,85,165,53,5622,372,62,310,288,205
"species",656,656,199,290,113,353,64,5,60,162,22,132,91,160,46,6996,374,32,342,284,232
"species",657,657,169,252,90,453,109,5,81,251,25,212,99,169,49,6429,343,3,340,247,197
"species",658,658,211,302,126,239,51,2,66,110,11,87,63,152,44,7011,388,50,338,300,237
"species",659,659,214,304,128,225,48,2,65,104,10,82,59,152,44,7013,391,52,339,303,240
"species",660,660,209,299,123,249,53,2,67,116,11,92,66,152,44,7003,386,47,339,298,235
"species",661,661,209,296,125,236,50,1,69,112,8,86,62,170,48,6804,389,39,350,295,234
"species",662,662,206,304,112,222,40,3,54,88,13,71,67,163,44,7573,395,29,366,300,238
"species",663,663,217,305,132,200,42,1,64,91,8,70,54,144,43,6917,388,59,329,304,242
"species",664,664,202,294,114,317,59,5,62,151,22,124,77,167,47,7132,379,27,352,289,235
"species",665,665,179,270,91,456,76,8,53,188,31,154,128,149,44,7054,354,18,336,263,213
"species",666,666,203,298,113,310,58,5,62,146,21,119,76,177,48,7282,389,21,368,293,236
"species",667,667,213,286,141,94,17,0,66,42,2,35,29,150,49,5686,363,61,302,268,231
"species",668,668,205,302,113,422,58,9,42,140,38,113,132,161,44,7459,391,33,358,297,238
"species",669,669,211,302,126,239,51,2,66,110,11,87,63,152,44,7011,388,50,338,300,237
"species",670,670,205,302,113,422,58,9,42,140,38,113,132,161,44,7459,391,33,358,297,238
"species",671,671,190,279,104,355,75,4,70,180,21,149,84,161,47,6878,363,22,341,272,223
"species",672,672,229,305,155,457,138,4,107,309,19,266,71,177,53,6039,391,60,331,304,215
"species",673,673,201,301,109,212,34,2,51,80,12,57,64,161,43,7546,396,29,367,297,231
"species",674,674,196,287,108,352,65,5,62,167,23,136,86,165,47,7056,373,24,349,282,228
"species",675,675,216,316,120,125,22,1,53,48,7,34,40,156,42,7741,408,42,366,313,248
"species",676,676,208,306,117,322,40,4,45,106,22,74,106,164,45,7486,401,37,364,128,239
"species",677,677,215,313,121,219,30,3,44,75,16,57,69,171,45,7574,410,36,374,310,247
"species",678,678,178,266,94,387,87,4,74,204,22,171,87,163,47,6767,352,10,342,259,211
"species",679,679,195,293,104,419,53,6,45,139,30,97,139,161,44,7482,387,27,360,104,226
"species",680,680,138,222,59,611,105,9,57,264,44,222,166,134,43,6428,300,-5,305,214,168
"species",681,681,199,290,113,353,64,5,60,162,22,132,91,160,46,6996,374,32,342,284,232
"species",682,682,187,276,101,361,75,4,68,181,21,150,86,163,47,6895,361,18,343,269,220
"species",683,683,194,284,108,345,69,4,67,170,20,139,84,159,46,6933,367,27,340,278,227
"species",684,684,195,284,109,341,70,4,68,171,20,140,81,159,47,6906,366,28,338,278,227
"species",685,685,209,308,114,441,55,14,36,137,52,116,135,173,46,7652,402,28,374,304,242
"species",686,686,195,284,109,349,69,5,64,169,21,138,87,159,46,6932,367,28,339,278,227
"species",687,687,190,279,104,355,75,4,70,180,21,149,84,161,47,6878,363,22,341,272,223
"species",688,688,191,280,105,353,72,4,68,176,20,144,86,162,47,6913,364,22,342,274,224
"species",689,689,199,298,102,375,57,7,47,139,27,112,114,161,43,7706,386,20,366,292,236
"species",690,690,207,305,114,233,34,3,47,83,15,65,73,170,45,7533,398,28,370,300,239
"species",691,691,207,305,114,233,34,3,47,83,15,65,73,170,45,7533,398,28,370,300,239
"species",692,692,211,310,116,205,30,3,45,74,14,58,63,172,45,7628,403,29,374,305,244
"species",693,693,179,278,89,287,43,4,46,98,22,74,88,185,47,7472,385,-1,386,275,207
"species",694,694,207,303,115,283,54,5,59,126,19,102,73,178,47,7396,398,24,374,298,240
"species",695,695,184,279,98,432,56,6,44,143,32,104,143,164,46,7176,376,20,356,98,211
"species",696,696,183,275,95,482,77,8,50,181,34,148,147,147,43,7126,358,21,337,269,215
"species",697,697,187,280,98,473,74,8,49,173,34,141,147,148,43,7181,363,24,339,274,219
"species",698,698,150,238,59,272,53,5,79,151,17,136,26,166,46,6976,323,-31,354,227,109
"species",699,699,150,238,59,272,53,5,79,151,17,136,26,166,46,6976,323,-31,354,227,109
"species",700,700,150,238,59,272,53,5,79,151,17,136,26,166,46,6976,323,-31,354,227,109
"species",701,701,150,238,59,272,53,5,79,151,17,136,26,166,46,6976,323,-31,354,227,109
"species",702,702,150,238,59,272,53,5,79,151,17,136,26,166,46,6976,323,-31,354,227,109
"species",703,703,150,238,59,272,53,5,79,151,17,136,26,166,46,6976,323,-31,354,227,109
"species",704,704,150,238,59,272,53,5,79,151,17,136,26,166,46,6976,323,-31,354,227,109
"species",705,705,206,297,119,320,60,5,62,150,20,122,81,160,46,7067,380,36,344,292,238
"species",706,706,190,279,104,355,75,4,70,180,21,149,84,161,47,6878,363,22,341,272,223
"species",707,707,186,283,97,287,45,3,50,104,18,77,90,170,46,7375,381,13,368,280,215
"species",708,708,195,293,104,419,53,6,45,139,30,97,139,161,44,7482,387,27,360,104,226
"species",709,709,194,292,103,247,39,2,50,91,14,66,77,169,45,7477,390,18,372,289,224
"species",710,710,186,283,97,287,45,3,50,104,18,77,90,170,46,7375,381,13,368,280,215
"species",711,711,195,288,107,358,65,6,59,161,24,131,93,168,47,7127,377,21,356,282,227
"species",712,712,198,297,106,235,37,2,51,86,13,62,74,170,45,7537,394,21,373,294,228
"species",713,713,186,283,97,287,45,3,50,104,18,77,90,170,46,7375,381,13,368,280,215
"species",714,714,192,290,101,253,40,3,48,92,15,68,79,170,45,7494,388,16,372,287,222
"species",715,715,173,258,93,436,101,5,78,238,24,199,98,169,49,6535,348,6,342,252,202
"species",716,716,201,294,112,310,60,5,67,154,21,126,72,176,48,7183,384,21,363,289,234
"species",717,717,205,299,114,306,57,5,61,144,21,118,75,177,48,7277,390,22,368,294,237
"species",718,718,150,238,59,272,53,5,79,151,17,136,26,166,46,6976,323,-31,354,227,109
"species",719,719,198,291,110,361,61,6,55,158,25,129,96,161,46,7116,376,28,348,285,231
"species",720,720,142,226,64,597,104,9,58,262,42,220,161,135,44,6417,303,-2,305,218,172
"species",721,721,200,293,111,320,61,5,63,153,21,125,79,176,48,7192,385,20,365,288,232
"species",722,722,208,303,116,309,54,6,56,136,23,111,80,177,47,7383,395,24,371,298,241
"species",723,723,199,290,113,353,64,5,60,162,22,132,91,160,46,6996,374,32,342,284,232
"species",724,724,185,275,101,373,76,5,70,192,21,156,91,169,48,6864,364,15,349,270,215
"species",725,725,155,234,79,580,134,9,75,307,37,261,132,164,50,6135,324,-3,327,228,182
"species",726,726,214,312,121,229,30,3,44,77,16,58,73,171,46,7530,408,37,371,308,246
"species",727,727,203,300,113,347,43,5,45,115,24,81,115,162,45,7391,395,35,360,124,233
"species",728,728,150,238,59,272,53,5,79,151,17,136,26,166,46,6976,323,-31,354,227,109
"species",729,729,150,238,59,272,53,5,79,151,17,136,26,166,46,6976,323,-31,354,227,109
"species",730,730,150,238,59,272,53,5,79,151,17,136,26,166,46,6976,323,-31,354,227,109
"species",731,731,150,238,59,272,53,5,79,151,17,136,26,166,46,6976,323,-31,354,227,109
"species",732,732,150,238,59,272,53,5,79,151,17,136,26,166,46,6976,323,-31,354,227,109
"species",733,733,150,238,59,272,53,5,79,151,17,136,26,166,46,6976,323,-31,354,227,109
"species",734,734,150,238,59,272,53,5,79,151,17,136,26,166,46,6976,323,-31,354,227,109
"species",735,735,150,238,59,272,53,5,79,151,17,136,26,166,46,6976,323,-31,354,227,109
"species",736,736,150,238,59,272,53,5,79,151,17,136,26,166,46,6976,323,-31,354,227,109
"species",737,737,150,238,59,272,53,5,79,151,17,136,26,166,46,6976,323,-31,354,227,109
"species",738,738,195,293,104,419,53,6,45,139,30,97,139,161,44,7482,387,27,360,104,226
"species",739,739,195,293,104,419,53,6,45,139,30,97,139,161,44,7482,387,27,360,104,226
"species",740,740,195,293,104,419,53,6,45,139,30,97,139,161,44,7482,387,27,360,104,226
"species",741,741,195,293,104,419,53,6,45,139,30,97,139,161,44,7482,387,27,360,104,226
"species",742,742,202,295,113,322,58,5,61,151,22,123,80,169,47,7192,381,25,356,290,235
"species",743,743,195,293,104,419,53,6,45,139,30,97,139,161,44,7482,387,27,360,104,226
"species",744,744,186,285,95,265,41,3,46,95,18,71,81,165,44,7487,381,14,367,281,214
"species",745,745,187,275,102,364,79,4,71,188,21,156,84,162,47,6812,360,19,341,269,219
"species",746,746,211,309,119,194,32,1,52,75,9,53,60,159,43,7510,401,38,363,306,241
"species",747,747,191,282,105,347,70,5,70,176,21,143,83,174,48,7001,373,16,357,277,221
"species",748,748,206,303,114,345,43,4,45,113,23,80,113,162,44,7494,397,36,361,114,237
"species",749,749,184,282,94,269,42,3,47,98,18,73,82,159,44,7413,377,16,361,278,212
"species",750,750,199,303,101,183,24,2,43,64,15,43,60,150,40,7954,394,28,366,116,231
"species",751,751,204,297,114,308,56,5,60,144,22,118,76,171,47,7220,384,25,359,293,237
"species",752,752,204,297,114,305,57,5,61,145,21,119,74,169,47,7209,383,26,357,292,237
"species",753,753,233,298,164,383,113,4,110,264,14,220,64,151,51,5377,374,82,292,297,222
"species",754,754,192,293,98,239,36,3,47,82,16,61,75,177,45,7665,396,11,385,289,221
"species",755,755,191,289,96,380,61,7,51,151,27,123,110,160,44,7567,377,15,362,282,228
"species",756,756,177,271,86,434,72,8,52,174,30,143,125,153,43,7301,357,9,348,264,212
"species",757,757,158,254,63,253,54,5,70,137,21,119,40,172,46,7438,342,-27,369,244,153
"species",758,758,214,312,121,229,30,3,44,77,16,58,73,171,46,7530,408,37,371,308,246
"species",759,759,198,287,112,331,67,4,67,164,20,135,79,158,46,6914,369,31,338,281,230
"species",760,760,195,293,104,419,53,6,45,139,30,97,139,161,44,7482,387,27,360,104,226
"species",761,761,178,273,93,410,58,6,44,140,32,107,128,170,46,7136,374,11,363,269,204
"species",762,762,140,222,62,562,109,8,65,268,39,227,139,141,45,6350,302,-7,309,215,170
"species",763,763,222,332,117,110,15,1,42,39,9,25,36,142,38,8457,419,46,373,136,260
"species",764,764,161,246,82,504,95,7,65,244,30,200,129,144,45,6480,325,10,315,240,189
"species",765,765,151,232,74,550,120,6,72,279,33,235,130,148,46,6259,315,0,315,225,182
"species",766,766,208,306,118,268,36,3,47,92,17,63,90,167,45,7462,401,34,367,130,239
"species",767,767,206,297,119,300,58,4,64,147,19,120,72,160,46,7076,378,35,343,292,238
"species",768,768,150,238,59,272,53,5,79,151,17,136,26,166,46,6976,323,-31,354,227,109
"species",769,769,155,237,76,503,118,5,77,267,29,225,111,159,48,6343,325,-4,329,230,187
"species",770,770,195,286,107,381,65,6,57,167,25,136,102,158,46,7048,370,28,342,280,228
"species",771,771,195,284,109,349,69,5,64,169,21,138,87,159,46,6932,367,28,339,278,227
"species",772,772,234,304,165,128,29,0,81,69,3,69,35,157,53,5420,378,84,294,304,251
"species",773,773,195,286,107,381,65,6,57,167,25,136,102,158,46,7048,370,28,342,280,228
"species",774,774,194,284,108,345,69,4,67,170,20,139,84,159,46,6933,367,27,340,278,227
"species",775,775,189,293,92,169,23,2,41,58,15,41,53,141,39,7944,381,24,357,106,221
"species",776,776,199,303,101,183,24,2,43,64,15,43,60,150,40,7954,394,28,366,116,231
"species",777,777,178,272,92,390,58,5,48,135,28,104,123,169,46,7136,370,9,361,269,204
"species",778,778,228,297,159,151,36,1,80,81,4,81,43,157,53,5420,372,78,294,297,244
"species",779,779,168,264,82,331,52,4,48,120,23,92,101,157,44,7223,358,5,353,260,194
"species",780,780,170,268,81,318,48,5,44,110,26,85,96,189,48,7383,377,-10,387,265,197
"species",781,781,170,268,81,318,48,5,44,110,26,85,96,189,48,7383,377,-10,387,265,197
"species",782,782,170,268,81,318,48,5,44,110,26,85,96,189,48,7383,377,-10,387,265,197
"species",783,783,170,268,81,318,48,5,44,110,26,85,96,189,48,7383,377,-10,387,265,197
"species",784,784,170,268,81,318,48,5,44,110,26,85,96,189,48,7383,377,-10,387,265,197
"species",785,785,170,268,81,318,48,5,44,110,26,85,96,189,48,7383,377,-10,387,265,197
"species",786,786,170,268,81,318,48,5,44,110,26,85,96,189,48,7383,377,-10,387,265,197
"species",787,787,170,268,81,318,48,5,44,110,26,85,96,189,48,7383,377,-10,387,265,197
"species",788,788,170,268,81,318,48,5,44,110,26,85,96,189,48,7383,377,-10,387,265,197
"species",789,789,170,268,81,318,48,5,44,110,26,85,96,189,48,7383,377,-10,387,265,197
"species",790,790,170,268,81,318,48,5,44,110,26,85,96,189,48,7383,377,-10,387,265,197
"species",791,791,170,268,81,318,48,5,44,110,26,85,96,189,48,7383,377,-10,387,265,197
"species",792,792,187,282,94,369,63,7,57,162,24,132,99,163,45,7365,370,13,357,275,223
"species",793,793,187,282,94,369,63,7,57,162,24,132,99,163,45,7365,370,13,357,275,223
"species",794,794,187,282,94,369,63,7,57,162,24,132,99,163,45,7365,370,13,357,275,223
"species",795,795,187,282,94,369,63,7,57,162,24,132,99,163,45,7365,370,13,357,275,223
"species",796,796,187,282,94,369,63,7,57,162,24,132,99,163,45,7365,370,13,357,275,223
"species",797,797,187,282,94,369,63,7,57,162,24,132,99,163,45,7365,370,13,357,275,223
"species",798,798,187,282,94,369,63,7,57,162,24,132,99,163,45,7365,370,13,357,275,223
"species",799,799,187,282,94,369,63,7,57,162,24,132,99,163,45,7365,370,13,357,275,223
"species",800,800,187,282,94,369,63,7,57,162,24,132,99,163,45,7365,370,13,357,275,223
"species",801,801,187,282,94,369,63,7,57,162,24,132,99,163,45,7365,370,13,357,275,223
"species",802,802,187,282,94,369,63,7,57,162,24,132,99,163,45,7365,370,13,357,275,223
"species",803,803,187,282,94,369,63,7,57,162,24,132,99,163,45,7365,370,13,357,275,223
"species",804,804,187,282,94,369,63,7,57,162,24,132,99,163,45,7365,370,13,357,275,223
"species",805,805,187,282,94,369,63,7,57,162,24,132,99,163,45,7365,370,13,357,275,223
"species",806,806,187,282,94,369,63,7,57,162,24,132,99,163,45,7365,370,13,357,275,223
"species",807,807,195,291,101,351,58,6,55,151,23,122,96,166,45,7489,380,17,363,285,231
"species",808,808,187,282,94,369,63,7,57,162,24,132,99,163,45,7365,370,13,357,275,223
"species",809,809,187,282,94,369,63,7,57,162,24,132,99,163,45,7365,370,13,357,275,223
"species",810,810,187,282,94,369,63,7,57,162,24,132,99,163,45,7365,370,13,357,275,223
"species",811,811,195,291,101,351,58,6,55,151,23,122,96,166,45,7489,380,17,363,285,231
"species",812,812,187,282,94,369,63,7,57,162,24,132,99,163,45,7365,370,13,357,275,223
"species",813,813,187,282,94,369,63,7,57,162,24,132,99,163,45,7365,370,13,357,275,223
"species",814,814,170,268,81,318,48,5,44,110,26,85,96,189,48,7383,377,-10,387,265,197
"species",815,815,170,268,81,318,48,5,44,110,26,85,96,189,48,7383,377,-10,387,265,197
"species",816,816,170,268,81,318,48,5,44,110,26,85,96,189,48,7383,377,-10,387,265,197
"species",817,817,170,268,81,318,48,5,44,110,26,85,96,189,48,7383,377,-10,387,265,197
"species",818,818,210,309,118,182,29,2,50,71,10,50,54,153,42,7538,400,41,359,305,240
"species",819,819,210,309,118,182,29,2,50,71,10,50,54,153,42,7538,400,41,359,305,240
"species",820,820,187,282,94,369,63,7,57,162,24,132,99,163,45,7365,370,13,357,275,223
"species",821,821,187,282,94,369,63,7,57,162,24,132,99,163,45,7365,370,13,357,275,223
"species",822,822,187,282,94,369,63,7,57,162,24,132,99,163,45,7365,370,13,357,275,223
"species",823,823,195,291,101,351,58,6,55,151,23,122,96,166,45,7489,380,17,363,285,231
"species",824,824,187,282,94,369,63,7,57,162,24,132,99,163,45,7365,370,13,357,275,223
"species",825,825,195,291,101,351,58,6,55,151,23,122,96,166,45,7489,380,17,363,285,231
"species",826,826,195,291,101,351,58,6,55,151,23,122,96,166,45,7489,380,17,363,285,231
"species",827,827,187,282,94,369,63,7,57,162,24,132,99,163,45,7365,370,13,357,275,223
"species",828,828,187,282,94,369,63,7,57,162,24,132,99,163,45,7365,370,13,357,275,223
"species",829,829,187,282,94,369,63,7,57,162,24,132,99,163,45,7365,370,13,357,275,223
"species",830,830,187,282,94,369,63,7,57,162,24,132,99,163,45,7365,370,13,357,275,223
"species",831,831,187,282,94,369,63,7,57,162,24,132,99,163,45,7365,370,13,357,275,223
"species",832,832,187,282,94,369,63,7,57,162,24,132,99,163,45,7365,370,13,357,275,223
"species",833,833,187,282,94,369,63,7,57,162,24,132,99,163,45,7365,370,13,357,275,223
"species",834,834,187,282,94,369,63,7,57,162,24,132,99,163,45,7365,370,13,357,275,223
"species",835,835,187,282,94,369,63,7,57,162,24,132,99,163,45,7365,370,13,357,275,223
"species",836,836,187,282,94,369,63,7,57,162,24,132,99,163,45,7365,370,13,357,275,223
"species",837,837,187,282,94,369,63,7,57,162,24,132,99,163,45,7365,370,13,357,275,223
"species",838,838,187,282,94,369,63,7,57,162,24,132,99,163,45,7365,370,13,357,275,223
"species",839,839,187,282,94,369,63,7,57,162,24,132,99,163,45,7365,370,13,357,275,223
"species",840,840,187,282,94,369,63,7,57,162,24,132,99,163,45,7365,370,13,357,275,223
"species",841,841,187,282,94,369,63,7,57,162,24,132,99,163,45,7365,370,13,357,275,223
"species",842,842,187,282,94,369,63,7,57,162,24,132,99,163,45,7365,370,13,357,275,223
"species",843,843,187,282,94,369,63,7,57,162,24,132,99,163,45,7365,370,13,357,275,223
"species",844,844,205,302,113,422,58,9,42,140,38,113,132,161,44,7459,391,33,358,297,238
"species",845,845,205,302,113,422,58,9,42,140,38,113,132,161,44,7459,391,33,358,297,238
"species",846,846,205,302,113,422,58,9,42,140,38,113,132,161,44,7459,391,33,358,297,238
"species",847,847,205,302,113,422,58,9,42,140,38,113,132,161,44,7459,391,33,358,297,238
"species",848,848,205,302,113,422,58,9,42,140,38,113,132,161,44,7459,391,33,358,297,238
"species",849,849,205,302,113,422,58,9,42,140,38,113,132,161,44,7459,391,33,358,297,238
"species",850,850,205,302,113,422,58,9,42,140,38,113,132,161,44,7459,391,33,358,297,238
"species",851,851,205,302,113,422,58,9,42,140,38,113,132,161,44,7459,391,33,358,297,238
"species",852,852,205,302,113,422,58,9,42,140,38,113,132,161,44,7459,391,33,358,297,238
"species",853,853,205,302,113,422,58,9,42,140,38,113,132,161,44,7459,391,33,358,297,238
"species",854,854,205,302,113,422,58,9,42,140,38,113,132,161,44,7459,391,33,358,297,238
"species",855,855,206,302,114,292,55,5,58,130,20,106,76,178,47,7385,396,23,373,297,239
"species",856,856,207,303,115,283,54,5,59,126,19,102,73,178,47,7396,398,24,374,298,240
"species",857,857,206,302,114,292,55,5,58,130,20,106,76,178,47,7385,396,23,373,297,239
"species",858,858,206,302,114,292,55,5,58,130,20,106,76,178,47,7385,396,23,373,297,239
"species",859,859,207,303,115,283,54,5,59,126,19,102,73,178,47,7396,398,24,374,298,240
"species",860,860,206,302,114,292,55,5,58,130,20,106,76,178,47,7385,396,23,373,297,239
"species",861,861,207,303,115,283,54,5,59,126,19,102,73,178,47,7396,398,24,374,298,240
"species",862,862,207,303,115,283,54,5,59,126,19,102,73,178,47,7396,398,24,374,298,240
"species",863,863,207,303,115,283,54,5,59,126,19,102,73,178,47,7396,398,24,374,298,240
"species",864,864,206,302,114,292,55,5,58,130,20,106,76,178,47,7385,396,23,373,297,239
"species",865,865,206,302,114,292,55,5,58,130,20,106,76,178,47,7385,396,23,373,297,239
"species",866,866,208,305,115,278,52,5,56,121,19,98,73,178,47,7459,399,24,375,300,241
"species",867,867,206,302,114,292,55,5,58,130,20,106,76,178,47,7385,396,23,373,297,239
"species",868,868,206,302,114,292,55,5,58,130,20,106,76,178,47,7385,396,23,373,297,239
"species",869,869,207,303,115,283,54,5,59,126,19,102,73,178,47,7396,398,24,374,298,240
"species",870,870,206,302,114,292,55,5,58,130,20,106,76,178,47,7385,396,23,373,297,239
"species",871,871,207,303,115,283,54,5,59,126,19,102,73,178,47,7396,398,24,374,298,240
"species",872,872,207,303,115,283,54,5,59,126,19,102,73,178,47,7396,398,24,374,298,240
"species",873,873,209,306,116,279,52,5,56,121,20,99,73,180,47,7463,401,24,377,301,242
"species",874,874,207,303,115,283,54,5,59,126,19,102,73,178,47,7396,398,24,374,298,240
"species",875,875,206,302,114,292,55,5,58,130,20,106,76,178,47,7385,396,23,373,297,239
"species",876,876,207,303,115,283,54,5,59,126,19,102,73,178,47,7396,398,24,374,298,240
"species",877,877,206,302,114,292,55,5,58,130,20,106,76,178,47,7385,396,23,373,297,239
"species",878,878,178,272,92,390,58,5,48,135,28,104,123,169,46,7136,370,9,361,269,204
"species",879,879,178,272,92,390,58,5,48,135,28,104,123,169,46,7136,370,9,361,269,204
"species",880,880,165,258,81,436,66,7,47,153,33,121,136,167,46,7040,356,0,356,255,191
"species",881,881,207,303,115,283,54,5,59,126,19,102,73,178,47,7396,398,24,374,298,240
"species",882,882,208,305,115,278,52,5,56,121,19,98,73,178,47,7459,399,24,375,300,241
"species",883,883,207,303,115,283,54,5,59,126,19,102,73,178,47,7396,398,24,374,298,240
"species",884,884,209,306,116,279,52,5,56,121,20,99,73,180,47,7463,401,24,377,301,242
"species",885,885,207,303,115,283,54,5,59,126,19,102,73,178,47,7396,398,24,374,298,240
"species",886,886,212,310,120,190,31,1,54,74,9,52,58,158,43,7504,402,40,362,307,243
"species",887,887,211,309,119,194,32,1,52,75,9,53,60,159,43,7510,401,38,363,306,241
"species",888,888,211,309,119,194,32,1,52,75,9,53,60,159,43,7510,401,38,363,306,241
"species",889,889,211,309,119,194,32,1,52,75,9,53,60,159,43,7510,401,38,363,306,241
"species",890,890,212,310,120,190,31,1,54,74,9,52,58,158,43,7504,402,40,362,307,243
"species",891,891,212,310,120,190,31,1,54,74,9,52,58,158,43,7504,402,40,362,307,243
"species",892,892,211,309,119,194,32,1,52,75,9,53,60,159,43,7510,401,38,363,306,241
"species",893,893,211,309,119,194,32,1,52,75,9,53,60,159,43,7510,401,38,363,306,241
"species",894,894,211,309,119,194,32,1,52,75,9,53,60,159,43,7510,401,38,363,306,241
"species",895,895,212,310,120,190,31,1,54,74,9,52,58,158,43,7504,402,40,362,307,243
"species",896,896,187,282,94,369,63,7,57,162,24,132,99,163,45,7365,370,13,357,275,223
"species",897,897,187,282,94,369,63,7,57,162,24,132,99,163,45,7365,370,13,357,275,223
"species",898,898,187,282,94,369,63,7,57,162,24,132,99,163,45,7365,370,13,357,275,223
"species",899,899,187,282,94,369,63,7,57,162,24,132,99,163,45,7365,370,13,357,275,223
"species",900,900,187,282,94,369,63,7,57,162,24,132,99,163,45,7365,370,13,357,275,223
"species",901,901,187,282,94,369,63,7,57,162,24,132,99,163,45,7365,370,13,357,275,223
"species",902,902,187,282,94,369,63,7,57,162,24,132,99,163,45,7365,370,13,357,275,223
"species",903,903,187,282,94,369,63,7,57,162,24,132,99,163,45,7365,370,13,357,275,223
"species",904,904,187,282,94,369,63,7,57,162,24,132,99,163,45,7365,370,13,357,275,223
"species",905,905,165,261,77,333,51,5,45,117,27,91,99,185,48,7293,369,-12,381,259,191
"species",906,906,170,268,81,318,48,5,44,110,26,85,96,189,48,7383,377,-10,387,265,197
"species",907,907,170,268,81,318,48,5,44,110,26,85,96,189,48,7383,377,-10,387,265,197
"species",908,908,170,268,81,318,48,5,44,110,26,85,96,189,48,7383,377,-10,387,265,197
"species",909,909,170,268,81,318,48,5,44,110,26,85,96,189,48,7383,377,-10,387,265,197
"species",910,910,166,262,79,338,52,5,45,117,27,91,102,183,48,7281,368,-9,377,260,192
"species",911,911,170,268,81,318,48,5,44,110,26,85,96,189,48,7383,377,-10,387,265,197
"species",912,912,206,303,114,390,57,10,43,140,37,116,113,173,46,7455,396,26,370,298,239
"species",913,913,206,303,114,390,57,10,43,140,37,116,113,173,46,7455,396,26,370,298,239
"species",914,914,207,304,114,401,57,11,41,141,40,117,117,173,46,7480,397,26,371,299,240
"species",915,915,206,303,114,390,57,10,43,140,37,116,113,173,46,7455,396,26,370,298,239
"species",916,916,206,303,114,390,57,10,43,140,37,116,113,173,46,7455,396,26,370,298,239
"species",917,917,206,303,114,390,57,10,43,140,37,116,113,173,46,7455,396,26,370,298,239
"species",918,918,206,303,114,390,57,10,43,140,37,116,113,173,46,7455,396,26,370,298,239
"species",919,919,207,304,114,401,57,11,41,141,40,117,117,173,46,7480,397,26,371,299,240
"species",920,920,206,303,114,390,57,10,43,140,37,116,113,173,46,7455,396,26,370,298,239
"species",921,921,206,303,114,390,57,10,43,140,37,116,113,173,46,7455,396,26,370,298,239
"species",922,922,206,303,114,390,57,10,43,140,37,116,113,173,46,7455,396,26,370,298,239
"species",923,923,207,304,114,401,57,11,41,141,40,117,117,173,46,7480,397,26,371,299,240
"species",924,924,206,303,114,390,57,10,43,140,37,116,113,173,46,7455,396,26,370,298,239
"species",925,925,206,303,114,390,57,10,43,140,37,116,113,173,46,7455,396,26,370,298,239
"species",926,926,206,303,114,390,57,10,43,140,37,116,113,173,46,7455,396,26,370,298,239
"species",927,927,206,303,114,390,57,10,43,140,37,116,113,173,46,7455,396,26,370,298,239
"species",928,928,206,303,114,390,57,10,43,140,37,116,113,173,46,7455,396,26,370,298,239
"species",929,929,206,303,114,390,57,10,43,140,37,116,113,173,46,7455,396,26,370,298,239
"species",930,930,207,304,114,401,57,11,41,141,40,117,117,173,46,7480,397,26,371,299,240
"species",931,931,206,303,114,390,57,10,43,140,37,116,113,173,46,7455,396,26,370,298,239
"species",932,932,206,303,114,390,57,10,43,140,37,116,113,173,46,7455,396,26,370,298,239
"species",933,933,207,304,114,401,57,11,41,141,40,117,117,173,46,7480,397,26,371,299,240
"species",934,934,206,303,114,390,57,10,43,140,37,116,113,173,46,7455,396,26,370,298,239
"species",935,935,187,282,94,369,63,7,57,162,24,132,99,163,45,7365,370,13,357,275,223
"species",936,936,187,282,94,369,63,7,57,162,24,132,99,163,45,7365,370,13,357,275,223
"species",937,937,187,282,94,369,63,7,57,162,24,132,99,163,45,7365,370,13,357,275,223
"species",938,938,187,282,94,369,63,7,57,162,24,132,99,163,45,7365,370,13,357,275,223
"species",939,939,187,282,94,369,63,7,57,162,24,132,99,163,45,7365,370,13,357,275,223
"species",940,940,173,270,86,324,51,4,47,118,22,90,99,164,45,7285,366,6,360,266,200
"species",941,941,175,271,86,320,51,4,49,117,21,89,98,167,45,7312,369,5,364,268,202
"species",942,942,175,271,86,320,51,4,49,117,21,89,98,167,45,7312,369,5,364,268,202
"species",943,943,173,270,86,324,51,4,47,118,22,90,99,164,45,7285,366,6,360,266,200
"species",944,944,173,270,86,324,51,4,47,118,22,90,99,164,45,7285,366,6,360,266,200
"species",945,945,173,270,86,324,51,4,47,118,22,90,99,164,45,7285,366,6,360,266,200
"species",946,946,173,270,86,324,51,4,47,118,22,90,99,164,45,7285,366,6,360,266,200
"species",947,947,170,268,81,318,48,5,44,110,26,85,96,189,48,7383,377,-10,387,265,197
"species",948,948,211,309,119,194,32,1,52,75,9,53,60,159,43,7510,401,38,363,306,241
"species",949,949,211,309,119,194,32,1,52,75,9,53,60,159,43,7510,401,38,363,306,241
"species",950,950,211,309,119,194,32,1,52,75,9,53,60,159,43,7510,401,38,363,306,241
"species",951,951,211,309,119,194,32,1,52,75,9,53,60,159,43,7510,401,38,363,306,241
"species",952,952,211,309,119,194,32,1,52,75,9,53,60,159,43,7510,401,38,363,306,241
"species",953,953,211,309,119,194,32,1,52,75,9,53,60,159,43,7510,401,38,363,306,241
"species",954,954,206,302,114,292,55,5,58,130,20,106,76,178,47,7385,396,23,373,297,239
"species",955,955,207,303,115,283,54,5,59,126,19,102,73,178,47,7396,398,24,374,298,240
"species",956,956,206,302,114,292,55,5,58,130,20,106,76,178,47,7385,396,23,373,297,239
"species",957,957,207,303,115,283,54,5,59,126,19,102,73,178,47,7396,398,24,374,298,240
"species",958,958,207,303,115,283,54,5,59,126,19,102,73,178,47,7396,398,24,374,298,240
"species",959,959,206,302,114,292,55,5,58,130,20,106,76,178,47,7385,396,23,373,297,239
"species",960,960,207,303,115,283,54,5,59,126,19,102,73,178,47,7396,398,24,374,298,240
"species",961,961,206,302,114,292,55,5,58,130,20,106,76,178,47,7385,396,23,373,297,239
"species",962,962,207,303,115,283,54,5,59,126,19,102,73,178,47,7396,398,24,374,298,240
"species",963,963,207,303,115,283,54,5,59,126,19,102,73,178,47,7396,398,24,374,298,240
"species",964,964,210,308,117,255,49,4,58,113,17,92,66,180,47,7520,404,24,380,303,243
"species",965,965,207,303,115,283,54,5,59,126,19,102,73,178,47,7396,398,24,374,298,240
"species",966,966,211,309,119,194,32,1,52,75,9,53,60,159,43,7510,401,38,363,306,241
"species",967,967,210,309,118,182,29,2,50,71,10,50,54,153,42,7538,400,41,359,305,240
"species",968,968,210,309,118,182,29,2,50,71,10,50,54,153,42,7538,400,41,359,305,240
"species",969,969,210,309,118,182,29,2,50,71,10,50,54,153,42,7538,400,41,359,305,240
"species",970,970,211,309,119,194,32,1,52,75,9,53,60,159,43,7510,401,38,363,306,241
"species",971,971,208,307,114,210,38,3,53,84,13,68,62,163,44,7621,398,31,367,303,241
"species",972,972,206,304,112,222,40,3,54,88,13,71,67,163,44,7573,395,29,366,300,238
"species",973,973,206,304,112,222,40,3,54,88,13,71,67,163,44,7573,395,29,366,300,238
"species",974,974,208,307,114,210,38,3,53,84,13,68,62,163,44,7621,398,31,367,303,241
"species",975,975,211,309,119,194,32,1,52,75,9,53,60,159,43,7510,401,38,363,306,241
"species",976,976,211,309,119,194,32,1,52,75,9,53,60,159,43,7510,401,38,363,306,241
"species",977,977,211,309,119,194,32,1,52,75,9,53,60,159,43,7510,401,38,363,306,241
"species",978,978,211,309,119,194,32,1,52,75,9,53,60,159,43,7510,401,38,363,306,241
"species",979,979,211,309,119,194,32,1,52,75,9,53,60,159,43,7510,401,38,363,306,241
"species",980,980,211,309,119,194,32,1,52,75,9,53,60,159,43,7510,401,38,363,306,241
"species",981,981,195,293,104,419,53,6,45,139,30,97,139,161,44,7482,387,27,360,104,226
"species",982,982,195,293,104,419,53,6,45,139,30,97,139,161,44,7482,387,27,360,104,226
"species",983,983,195,293,104,419,53,6,45,139,30,97,139,161,44,7482,387,27,360,104,226
"species",984,984,206,304,112,222,40,3,54,88,13,71,67,163,44,7573,395,29,366,300,238
"species",985,985,206,304,112,222,40,3,54,88,13,71,67,163,44,7573,395,29,366,300,238
"species",986,986,206,303,113,422,57,9,41,138,39,111,133,161,44,7491,392,33,359,298,238
"species",987,987,188,286,97,456,58,6,45,152,32,107,152,161,44,7449,380,20,360,97,219
"species",988,988,188,286,97,456,58,6,45,152,32,107,152,161,44,7449,380,20,360,97,219
"species",989,989,177,274,88,505,66,7,45,168,36,122,168,160,45,7335,367,12,355,88,207
"species",990,990,207,303,115,283,54,5,59,126,19,102,73,178,47,7396,398,24,374,298,240
"species",991,991,201,296,111,322,59,6,58,143,23,117,83,174,47,7276,388,22,366,291,233
"species",992,992,201,296,111,322,59,6,58,143,23,117,83,174,47,7276,388,22,366,291,233
"species",993,993,201,296,111,322,59,6,58,143,23,117,83,174,47,7276,388,22,366,291,233
"species",994,994,201,296,111,322,59,6,58,143,23,117,83,174,47,7276,388,22,366,291,233
"species",995,995,132,203,76,596,120,0,93,336,4,13,326,124,46,5081,284,18,266,78,197
"species",996,996,132,203,76,596,120,0,93,336,4,13,326,124,46,5081,284,18,266,78,197
"species",997,997,150,212,98,569,127,0,98,344,2,10,333,142,52,4484,298,28,270,102,206
"species",998,998,177,275,87,297,46,4,47,105,21,80,91,176,46,7416,377,1,376,271,204
"species",999,999,129,219,48,668,98,11,47,229,52,187,212,152,45,6786,310,-25,335,214,155
"species",1000,1000,188,286,97,456,58,6,45,152,32,107,152,161,44,7449,380,20,360,97,219
"species",1001,1001,188,286,97,456,58,6,45,152,32,107,152,161,44,7449,380,20,360,97,219
"species",1002,1002,188,286,97,456,58,6,45,152,32,107,152,161,44,7449,380,20,360,97,219
"species",1003,1003,188,286,97,456,58,6,45,152,32,107,152,161,44,7449,380,20,360,97,219
"species",1004,1004,188,286,97,456,58,6,45,152,32,107,152,161,44,7449,380,20,360,97,219
"species",1005,1005,188,286,97,456,58,6,45,152,32,107,152,161,44,7449,380,20,360,97,219
"species",1006,1006,188,286,97,456,58,6,45,152,32,107,152,161,44,7449,380,20,360,97,219
"species",1007,1007,188,286,97,456,58,6,45,152,32,107,152,161,44,7449,380,20,360,97,219
"species",1008,1008,188,286,97,456,58,6,45,152,32,107,152,161,44,7449,380,20,360,97,219
"species",1009,1009,188,286,97,456,58,6,45,152,32,107,152,161,44,7449,380,20,360,97,219
"species",1010,1010,188,286,97,456,58,6,45,152,32,107,152,161,44,7449,380,20,360,97,219
"species",1011,1011,188,286,97,456,58,6,45,152,32,107,152,161,44,7449,380,20,360,97,219
"species",1012,1012,188,286,97,456,58,6,45,152,32,107,152,161,44,7449,380,20,360,97,219
"species",1013,1013,177,275,87,297,46,4,47,105,21,80,91,176,46,7416,377,1,376,271,204
"species",1014,1014,177,275,87,297,46,4,47,105,21,80,91,176,46,7416,377,1,376,271,204
"species",1015,1015,177,275,87,297,46,4,47,105,21,80,91,176,46,7416,377,1,376,271,204
"species",1016,1016,177,275,87,297,46,4,47,105,21,80,91,176,46,7416,377,1,376,271,204
"species",1017,1017,177,275,87,297,46,4,47,105,21,80,91,176,46,7416,377,1,376,271,204
"species",1018,1018,177,275,87,297,46,4,47,105,21,80,91,176,46,7416,377,1,376,271,204
"species",1019,1019,177,275,87,297,46,4,47,105,21,80,91,176,46,7416,377,1,376,271,204
"species",1020,1020,177,275,87,297,46,4,47,105,21,80,91,176,46,7416,377,1,376,271,204
"species",1021,1021,177,275,87,297,46,4,47,105,21,80,91,176,46,7416,377,1,376,271,204
"species",1022,1022,177,275,87,297,46,4,47,105,21,80,91,176,46,7416,377,1,376,271,204
"species",1023,1023,177,275,87,297,46,4,47,105,21,80,91,176,46,7416,377,1,376,271,204
"species",1024,1024,177,275,87,297,46,4,47,105,21,80,91,176,46,7416,377,1,376,271,204
"species",1025,1025,177,275,87,297,46,4,47,105,21,80,91,176,46,7416,377,1,376,271,204
"species",1026,1026,177,275,87,297,46,4,47,105,21,80,91,176,46,7416,377,1,376,271,204
"species",1027,1027,177,275,87,297,46,4,47,105,21,80,91,176,46,7416,377,1,376,271,204
"species",1028,1028,177,275,87,297,46,4,47,105,21,80,91,176,46,7416,377,1,376,271,204
"species",1029,1029,177,275,87,297,46,4,47,105,21,80,91,176,46,7416,377,1,376,271,204
"species",1030,1030,177,275,87,297,46,4,47,105,21,80,91,176,46,7416,377,1,376,271,204
"species",1031,1031,177,275,87,297,46,4,47,105,21,80,91,176,46,7416,377,1,376,271,204
"species",1032,1032,177,275,87,297,46,4,47,105,21,80,91,176,46,7416,377,1,376,271,204
"species",1033,1033,177,275,87,297,46,4,47,105,21,80,91,176,46,7416,377,1,376,271,204
"species",1034,1034,177,275,87,297,46,4,47,105,21,80,91,176,46,7416,377,1,376,271,204
"species",1035,1035,177,275,87,297,46,4,47,105,21,80,91,176,46,7416,377,1,376,271,204
"species",1036,1036,173,257,92,444,103,4,75,235,24,197,99,162,47,6532,346,8,338,250,204
"species",1037,1037,158,247,70,300,70,4,77,170,20,141,57,189,49,6978,355,-24,379,237,201
"species",1038,1038,158,254,63,253,54,5,70,137,21,119,40,172,46,7438,342,-27,369,244,153
"species",1039,1039,149,246,54,264,57,5,73,146,21,123,41,185,48,7484,340,-43,383,237,144
"species",1040,1040,161,252,67,326,64,8,67,162,29,139,32,155,44,7164,333,-17,350,240,84
"species",1041,1041,161,252,67,326,64,8,67,162,29,139,32,155,44,7164,333,-17,350,240,84
"species",1042,1042,161,252,67,326,64,8,67,162,29,139,32,155,44,7164,333,-17,350,240,84
"species",1043,1043,161,252,67,326,64,8,67,162,29,139,32,155,44,7164,333,-17,350,240,84
"species",1044,1044,161,252,67,326,64,8,67,162,29,139,32,155,44,7164,333,-17,350,240,84
"species",1045,1045,215,305,129,227,49,2,65,103,11,82,61,133,41,7039,384,62,322,303,240
"species",1046,1046,158,254,63,253,54,5,70,137,21,119,40,172,46,7438,342,-27,369,244,153
"species",1047,1047,193,284,106,383,66,6,58,171,26,140,101,157,46,7020,368,27,341,278,226
"species",1048,1048,206,297,119,300,58,4,64,147,19,120,72,160,46,7076,378,35,343,292,238
"species",1049,1049,198,290,110,316,64,5,69,163,20,133,71,177,48,7103,380,18,362,285,230
"species",1050,1050,208,306,115,274,51,5,57,117,19,95,73,178,47,7507,401,24,377,301,241
